task_id,scale,dataset_id,label,support,support_bin,marker_f1,learned_f1,random_graph_f1,permuted_prior_f1,context_specific_f1,smoothing_f1,reference_profile_f1,marker_reference_f1,learned_delta_vs_marker,learned_specific_f1_delta,context_delta_vs_marker,context_specific_f1_delta,smoothing_delta_vs_marker,smoothing_specific_f1_delta,reference_delta_vs_marker,marker_reference_delta_vs_marker,learned_label_guardrail,context_label_guardrail,smoothing_label_guardrail,learned_improved_over_marker,learned_harmed_vs_marker,context_improved_over_marker,context_harmed_vs_marker,marker_precision,marker_recall,learned_precision,learned_recall
expanded::GEO_GSE245263_GENERIC_H5AD_EXPANDED::0,expanded,GEO_GSE245263_GENERIC_H5AD_EXPANDED,0,250,101-500,0.5733333333333334,0.3645833333333333,0.5513078470824949,0.5524861878453038,0.5375375375375375,,0.1343283582089552,0.364102564102564,-0.20875000000000005,-0.20875000000000005,-0.03579579579579584,-0.03579579579579584,,,-0.4390049751243782,-0.2092307692307694,False,False,False,False,True,False,True,0.4914285714285714,0.688,0.5223880597014925,0.28
expanded::GEO_GSE245263_GENERIC_H5AD_EXPANDED::1,expanded,GEO_GSE245263_GENERIC_H5AD_EXPANDED,1,238,101-500,0.4635416666666667,0.50990099009901,0.4769230769230768,0.5346534653465347,0.478468899521531,,0.4303178484107579,0.4778325123152709,0.046359323432343336,-0.024752475247524663,0.014927232854864303,-0.056184565825003696,,,-0.03322381825590881,0.014290845648604222,False,False,False,True,False,True,False,0.6095890410958904,0.3739495798319328,0.6204819277108434,0.4327731092436975
expanded::GEO_GSE245263_GENERIC_H5AD_EXPANDED::10,expanded,GEO_GSE245263_GENERIC_H5AD_EXPANDED,10,117,101-500,0.5161290322580645,0.4879725085910653,0.4949152542372881,0.5602605863192183,0.4982456140350877,,0.2679425837320574,0.5327868852459017,-0.028156523666999222,-0.07228807772815299,-0.017883418222976788,-0.062014972284130554,,,-0.24818644852600708,0.016657852987837174,False,False,False,False,True,False,True,0.4145077720207253,0.6837606837606838,0.4080459770114942,0.6068376068376068
expanded::GEO_GSE245263_GENERIC_H5AD_EXPANDED::11,expanded,GEO_GSE245263_GENERIC_H5AD_EXPANDED,11,80,26-100,0.2978723404255319,0.3137254901960784,0.3193277310924369,0.3103448275862068,0.3146067415730337,,0.2299794661190964,0.2984293193717277,0.015853149770546526,-0.005602240896358468,0.0167344011475018,-0.004720989519403196,,,-0.06789287430643551,0.0005569789461957741,False,False,False,True,False,True,False,0.1891891891891892,0.7,0.2021660649819494,0.7
expanded::GEO_GSE245263_GENERIC_H5AD_EXPANDED::12,expanded,GEO_GSE245263_GENERIC_H5AD_EXPANDED,12,60,26-100,0.303405572755418,0.3202614379084967,0.3161290322580645,0.2935779816513761,0.3100303951367781,,0.273972602739726,0.28328611898017,0.016855865153078686,0.004132405650432214,0.006624822381360085,-0.010231042771718601,,,-0.029432970015692006,-0.020119453775248042,False,False,False,True,False,False,False,0.1863117870722433,0.8166666666666667,0.1991869918699187,0.8166666666666667
expanded::GEO_GSE245263_GENERIC_H5AD_EXPANDED::13,expanded,GEO_GSE245263_GENERIC_H5AD_EXPANDED,13,27,26-100,0.3176470588235294,0.3698630136986301,0.339622641509434,0.3648648648648649,0.3673469387755101,,0.4259259259259259,0.3312883435582822,0.05221595487510072,0.004998148833765204,0.04969987995198072,-0.002516074923120004,,,0.10827886710239648,0.01364128473475279,False,False,False,True,False,True,False,0.1888111888111888,1.0,0.226890756302521,1.0
expanded::GEO_GSE245263_GENERIC_H5AD_EXPANDED::14,expanded,GEO_GSE245263_GENERIC_H5AD_EXPANDED,14,27,26-100,0.1463414634146341,0.15,0.1463414634146341,0.25,0.1034482758620689,,0.0,0.1290322580645161,0.0036585365853658847,-0.1,-0.042893187552565215,-0.1465517241379311,,,-0.1463414634146341,-0.017309205350118012,False,False,False,False,False,False,True,0.2142857142857142,0.1111111111111111,0.2307692307692307,0.1111111111111111
expanded::GEO_GSE245263_GENERIC_H5AD_EXPANDED::2,expanded,GEO_GSE245263_GENERIC_H5AD_EXPANDED,2,230,101-500,0.1142857142857142,0.1376518218623481,0.1295546558704453,0.1762452107279693,0.1065573770491803,,0.1035856573705179,0.1209677419354838,0.02336610757663389,-0.03859338886562122,-0.007728337236533905,-0.06968783367878902,,,-0.010700056915196293,0.006682027649769606,False,False,False,True,False,False,False,0.9333333333333332,0.0608695652173913,1.0,0.0739130434782608
expanded::GEO_GSE245263_GENERIC_H5AD_EXPANDED::3,expanded,GEO_GSE245263_GENERIC_H5AD_EXPANDED,3,188,101-500,0.5869565217391304,0.3983402489626556,0.5227272727272727,0.6732026143790849,0.5886524822695035,,0.6037735849056604,0.6985915492957746,-0.1886162727764748,-0.27486236541642933,0.0016959605303731307,-0.0845501321095814,,,0.016817063166529977,0.11163502755664423,False,False,False,False,True,False,False,0.9204545454545454,0.4308510638297872,0.9056603773584906,0.2553191489361702
expanded::GEO_GSE245263_GENERIC_H5AD_EXPANDED::4,expanded,GEO_GSE245263_GENERIC_H5AD_EXPANDED,4,177,101-500,0.6502732240437159,0.4848484848484848,0.5679442508710801,0.588785046728972,0.5977653631284916,,0.5036390101892286,0.5955249569707401,-0.1654247391952311,-0.1654247391952311,-0.0525078609152243,-0.0525078609152243,,,-0.14663421385448727,-0.054748267072975754,False,False,False,False,True,False,True,0.6296296296296297,0.672316384180791,0.3205828779599271,0.9943502824858758
expanded::GEO_GSE245263_GENERIC_H5AD_EXPANDED::5,expanded,GEO_GSE245263_GENERIC_H5AD_EXPANDED,5,168,101-500,0.3971631205673759,0.24,0.277056277056277,0.3759398496240601,0.2857142857142857,,0.1191489361702127,0.2171945701357465,-0.1571631205673759,-0.1571631205673759,-0.1114488348530902,-0.1114488348530902,,,-0.2780141843971632,-0.1799685504316294,False,False,False,False,True,False,True,0.4912280701754385,0.3333333333333333,0.4736842105263157,0.1607142857142857
expanded::GEO_GSE245263_GENERIC_H5AD_EXPANDED::6,expanded,GEO_GSE245263_GENERIC_H5AD_EXPANDED,6,164,101-500,0.6568265682656826,0.6478873239436621,0.6363636363636364,0.6641791044776121,0.6911764705882353,,0.5201793721973095,0.7018867924528303,-0.008939244322020534,-0.016291780533949973,0.03434990232255264,0.0269973661106232,,,-0.13664719606837317,0.04506022418714761,False,True,False,False,False,True,False,0.8317757009345794,0.5426829268292683,0.7666666666666667,0.5609756097560976
expanded::GEO_GSE245263_GENERIC_H5AD_EXPANDED::7,expanded,GEO_GSE245263_GENERIC_H5AD_EXPANDED,7,149,101-500,0.3166666666666666,0.3063829787234042,0.3220338983050848,0.3263598326359833,0.3193277310924369,,0.4491228070175438,0.3333333333333333,-0.010283687943262398,-0.019976853912579084,0.0026610644257702987,-0.007032101543546387,,,0.13245614035087722,0.01666666666666672,False,False,False,False,True,False,False,0.4175824175824176,0.2550335570469799,0.4186046511627907,0.2416107382550335
expanded::GEO_GSE245263_GENERIC_H5AD_EXPANDED::8,expanded,GEO_GSE245263_GENERIC_H5AD_EXPANDED,8,143,101-500,0.3333333333333333,0.3422459893048128,0.3174603174603174,0.3469387755102041,0.3653846153846154,,0.2808988764044943,0.3523809523809524,0.0089126559714795,-0.004692786205391264,0.032051282051282104,0.01844583987441134,,,-0.052434456928839024,0.01904761904761909,False,True,False,False,False,True,False,0.5223880597014925,0.2447552447552447,0.7272727272727273,0.2237762237762237
expanded::GEO_GSE245263_GENERIC_H5AD_EXPANDED::9,expanded,GEO_GSE245263_GENERIC_H5AD_EXPANDED,9,140,101-500,0.5405405405405405,0.6502057613168725,0.6416666666666667,0.6297872340425531,0.5069124423963133,,0.4571428571428572,0.5550660792951542,0.109665220776332,0.008539094650205747,-0.03362809814422718,-0.1432933189205592,,,-0.08339768339768328,0.01452553875461371,False,False,False,True,False,False,True,0.7317073170731707,0.4285714285714285,0.7669902912621359,0.5642857142857143
expanded::GEO_GSE263450_GENERIC_H5AD_EXPANDED::1,expanded,GEO_GSE263450_GENERIC_H5AD_EXPANDED,1,2500,>1000,0.2388387948097647,0.2425100259495164,0.2370540851553509,0.2341419986645893,0.250872701885036,,0.0266362252663622,0.2384860921112631,0.0036712311397517072,0.0036712311397517072,0.012033907075271327,0.00836267593551962,,,-0.2122025695434025,-0.0003527026985016002,False,False,False,False,False,True,False,0.265266243282853,0.2172,0.2955721679125934,0.2056
expanded::GEO_GSE263450_GENERIC_H5AD_EXPANDED::10,expanded,GEO_GSE263450_GENERIC_H5AD_EXPANDED,10,1760,>1000,0.3873492011737854,0.3982216576691013,0.3878594249201277,0.367371241440905,0.4048921789507563,,0.1206349206349206,0.35177539223782,0.010872456495315874,0.010362232748973577,0.01754297777697089,0.0066705212816550175,,,-0.2667142805388648,-0.0355738089359654,True,False,False,True,False,True,False,0.4544758990053558,0.3375,0.4514038876889849,0.35625
expanded::GEO_GSE263450_GENERIC_H5AD_EXPANDED::11,expanded,GEO_GSE263450_GENERIC_H5AD_EXPANDED,11,1749,>1000,0.3426906779661017,0.3670650730411687,0.3705836168542266,0.3502255240116742,0.3532870122928915,,0.436241610738255,0.4551448551448551,0.024374395075067,-0.003518543813057884,0.010596334326789802,-0.017296604561335083,,,0.09355093277215332,0.11245417717875339,False,False,False,True,False,True,False,0.3191909225456339,0.3699256718124643,0.3427579365079365,0.3950829045168668
expanded::GEO_GSE263450_GENERIC_H5AD_EXPANDED::12,expanded,GEO_GSE263450_GENERIC_H5AD_EXPANDED,12,1714,>1000,0.5844390832328106,0.5810090880601693,0.5818293055980422,0.5699192044748291,0.5843317972350229,,0.5172824791418356,0.6013405681455474,-0.003429995172641309,-0.003429995172641309,-0.0001072859977876428,-0.0001072859977876428,,,-0.06715660409097501,0.016901484912736797,False,False,False,False,False,False,False,0.6048689138576779,0.5653442240373395,0.6276235612728503,0.5408401400233372
expanded::GEO_GSE263450_GENERIC_H5AD_EXPANDED::13,expanded,GEO_GSE263450_GENERIC_H5AD_EXPANDED,13,1711,>1000,0.4673558215451578,0.4954666666666666,0.4659438420906311,0.5084382534154834,0.4918990703851261,,0.3046875,0.4820482636845203,0.0281108451215088,-0.012971586748816821,0.02454324883996828,-0.01653918303035734,,,-0.1626683215451578,0.014692442139362494,False,False,False,True,False,True,False,0.4371501272264631,0.5020455873758036,0.4556154977930358,0.5429573348918761
expanded::GEO_GSE263450_GENERIC_H5AD_EXPANDED::14,expanded,GEO_GSE263450_GENERIC_H5AD_EXPANDED,14,1710,>1000,0.5815156285136047,0.607516121859017,0.6002638522427441,0.6010386091668548,0.6006303466906799,,0.4739392159741594,0.5570073384642921,0.026000493345412323,0.006477512692162235,0.01911471817707522,-0.006885775168337105,,,-0.10757641253944533,-0.024508290049312653,False,False,False,True,False,True,False,0.4724150529777128,0.756140350877193,0.4901327592393254,0.7988304093567251
expanded::GEO_GSE263450_GENERIC_H5AD_EXPANDED::15,expanded,GEO_GSE263450_GENERIC_H5AD_EXPANDED,15,1573,>1000,0.309611151870873,0.3208822483102099,0.311913357400722,0.2944237918215613,0.3163191948238678,,0.4001839926402943,0.4687395519893013,0.01127109643933688,0.008968890909487881,0.006708042952994764,-0.004563053486342117,,,0.09057284076942129,0.15912840011842827,False,False,False,True,False,False,False,0.3660017346053772,0.2682771773680865,0.364297253634895,0.2867132867132867
expanded::GEO_GSE263450_GENERIC_H5AD_EXPANDED::16,expanded,GEO_GSE263450_GENERIC_H5AD_EXPANDED,16,1508,>1000,0.1360294117647058,0.1459799925898481,0.1439532334672999,0.1345323741007194,0.1438583548506086,,0.0,0.0791583166332665,0.009950580825142302,0.002026759122548183,0.007828943085902818,-0.0021216377392394847,,,-0.1360294117647058,-0.056871095131439287,False,False,False,False,False,False,False,0.1526402640264026,0.1226790450928382,0.1654072208228379,0.1306366047745358
expanded::GEO_GSE263450_GENERIC_H5AD_EXPANDED::17,expanded,GEO_GSE263450_GENERIC_H5AD_EXPANDED,17,1172,>1000,0.2302888368462139,0.234775641025641,0.2347227842978551,0.2363919129082426,0.2374501992031872,,0.2553897180762852,0.3488496522204387,0.004486804179427095,-0.0016162718826016054,0.007161362356973289,0.0010582862949445881,,,0.025100881230071287,0.11856081537422478,False,False,False,False,False,False,False,0.2122302158273381,0.2517064846416382,0.2212990936555891,0.25
expanded::GEO_GSE263450_GENERIC_H5AD_EXPANDED::18,expanded,GEO_GSE263450_GENERIC_H5AD_EXPANDED,18,1140,>1000,0.3723880597014926,0.3875278396436525,0.3734625419306746,0.3750472589792061,0.3835820895522388,,0.458904109589041,0.5286236297198539,0.015139779942159926,0.012480580664446406,0.011194029850746245,-0.00394575009141368,,,0.08651604988754841,0.1562355700183613,True,False,False,True,False,True,False,0.324025974025974,0.437719298245614,0.3359073359073359,0.4578947368421052
expanded::GEO_GSE263450_GENERIC_H5AD_EXPANDED::19,expanded,GEO_GSE263450_GENERIC_H5AD_EXPANDED,19,1126,>1000,0.4468380820013898,0.4692307692307692,0.465648854961832,0.4522780179580978,0.463047285464098,,0.4202504082743603,0.5166083916083916,0.02239268722937937,0.0035819142689371697,0.01620920346270821,-0.006183483766671161,,,-0.026587673727029526,0.06977030960700176,False,False,False,True,False,True,False,0.3670091324200913,0.5710479573712256,0.3869665513264129,0.5959147424511545
expanded::GEO_GSE263450_GENERIC_H5AD_EXPANDED::2,expanded,GEO_GSE263450_GENERIC_H5AD_EXPANDED,2,2500,>1000,0.5672661051673117,0.5731436193863938,0.5670635812177038,0.5149064016639705,0.57669256381798,,0.6479190101237347,0.705380927011188,0.005877514219082114,0.005877514219082114,0.009426458650668268,0.003548944431586154,,,0.08065290495642297,0.13811482184387636,False,False,False,False,False,False,False,0.6582144743792921,0.4984,0.6451451451451451,0.5156
expanded::GEO_GSE263450_GENERIC_H5AD_EXPANDED::20,expanded,GEO_GSE263450_GENERIC_H5AD_EXPANDED,20,603,501-1000,0.379905808477237,0.3829787234042554,0.3774583963691377,0.3946945337620579,0.3855702094647013,,0.4493526275704493,0.4388686131386862,0.0030729149270183886,-0.011715810357802503,0.005664400987464291,-0.0091243242973566,,,0.06944681909321232,0.05896280466144921,False,False,False,False,False,False,False,0.2488431876606683,0.802653399668325,0.2483982257269591,0.835820895522388
expanded::GEO_GSE263450_GENERIC_H5AD_EXPANDED::21,expanded,GEO_GSE263450_GENERIC_H5AD_EXPANDED,21,112,101-500,0.011014948859166,0.0117548278757346,0.011437908496732,0.0131147540983606,0.0115321252059308,,0.0125786163522012,0.0132304299889746,0.0007398790165685995,-0.0013599262226260001,0.0005171763467647986,-0.001582628892429801,,,0.001563667493035199,0.0022154811298085997,False,False,False,False,False,False,False,0.0060396893874029,0.0625,0.0064874884151992,0.0625
expanded::GEO_GSE263450_GENERIC_H5AD_EXPANDED::22,expanded,GEO_GSE263450_GENERIC_H5AD_EXPANDED,22,54,26-100,0.0013898540653231,0.0015552099533437,0.0014760147601476,0.001448225923244,0.0015037593984962,,0.0023866348448687,0.0,0.00016535588802060004,7.919519319610018e-05,0.00011390533317309987,-5.145055484750017e-05,,,0.0009967807795456,-0.0013898540653231,False,False,False,False,False,False,False,0.0007220216606498,0.0185185185185185,0.0008116883116883,0.0185185185185185
expanded::GEO_GSE263450_GENERIC_H5AD_EXPANDED::23,expanded,GEO_GSE263450_GENERIC_H5AD_EXPANDED,23,48,26-100,0.0036363636363636,0.0040080160320641,0.0039267015706806,0.0052219321148825,0.0026720106880427,,0.005607476635514,0.0037735849056603,0.00037165239570050024,-0.0012139160828183995,-0.0009643529483209,-0.0025499214268397997,,,0.0019711129991504,0.00013722126929670026,False,False,False,False,False,False,False,0.0018726591760299,0.0625,0.0020703933747412,0.0625
expanded::GEO_GSE263450_GENERIC_H5AD_EXPANDED::24,expanded,GEO_GSE263450_GENERIC_H5AD_EXPANDED,24,44,26-100,0.0085889570552147,0.0091443500979751,0.006514657980456,0.0063451776649746,0.0088439671509791,,0.0067750677506775,0.0055658627087198,0.0005553930427603989,0.0005553930427603989,0.00025501009576439984,-0.00030038294699599906,,,-0.0018138893045372,-0.0030230943464949,False,False,False,False,False,False,False,0.0044136191677175,0.1590909090909091,0.0047074646940147,0.1590909090909091
expanded::GEO_GSE263450_GENERIC_H5AD_EXPANDED::3,expanded,GEO_GSE263450_GENERIC_H5AD_EXPANDED,3,2500,>1000,0.4834123222748815,0.5009784735812134,0.5066469719350074,0.4964082239286599,0.5059422750424448,,0.6193361433087461,0.7012420275260154,0.01756615130633188,-0.005668498353794016,0.02252995276756331,-0.000704696892562584,,,0.13592382103386458,0.21782970525113388,False,False,False,True,False,True,False,0.6421471172962226,0.3876,0.6448362720403022,0.4096
expanded::GEO_GSE263450_GENERIC_H5AD_EXPANDED::4,expanded,GEO_GSE263450_GENERIC_H5AD_EXPANDED,4,2380,>1000,0.1967213114754098,0.2090856144437973,0.2060286801287679,0.1888955944477972,0.2132097334878331,,0.4239959328927301,0.356687898089172,0.012364302968387503,0.0030569343150294026,0.016488422012423287,0.0041241190440357844,,,0.22727462141732027,0.1599665866137622,False,False,False,True,False,True,False,0.3384615384615385,0.1386554621848739,0.340607210626186,0.1508403361344537
expanded::GEO_GSE263450_GENERIC_H5AD_EXPANDED::5,expanded,GEO_GSE263450_GENERIC_H5AD_EXPANDED,5,2297,>1000,0.2945262572936926,0.3254923413566739,0.3154141524958859,0.2857142857142857,0.3154399557277255,,0.601761252446184,0.5468531468531468,0.03096608406298129,0.010078188860787984,0.0209136984340329,-0.01005238562894839,,,0.30723499515249136,0.2523268895594542,True,False,False,True,False,True,False,0.4070660522273425,0.2307357422725293,0.437821927888153,0.2590335219851981
expanded::GEO_GSE263450_GENERIC_H5AD_EXPANDED::6,expanded,GEO_GSE263450_GENERIC_H5AD_EXPANDED,6,2223,>1000,0.1910415542363734,0.2135099337748344,0.2076327728849747,0.2107218683651804,0.2,,0.0993873383253914,0.2171162171162171,0.02246837953846101,0.0027880654096540114,0.008958445763626616,-0.013509933774834393,,,-0.091654215910982,0.026074662879843696,False,False,False,True,False,False,False,0.2387053270397842,0.1592442645074224,0.2596649484536082,0.1812865497076023
expanded::GEO_GSE263450_GENERIC_H5AD_EXPANDED::7,expanded,GEO_GSE263450_GENERIC_H5AD_EXPANDED,7,2196,>1000,0.1404449209327258,0.1391585760517799,0.1387469749932777,0.1483007209062822,0.1405492730210016,,0.0080645161290322,0.0636583400483481,-0.0012863448809458944,-0.009142144854502321,0.00010435208827580533,-0.007751447885280621,,,-0.1323804048036936,-0.07678658088437769,False,False,False,False,False,False,False,0.1706840390879478,0.1193078324225865,0.1706349206349206,0.1174863387978142
expanded::GEO_GSE263450_GENERIC_H5AD_EXPANDED::8,expanded,GEO_GSE263450_GENERIC_H5AD_EXPANDED,8,2094,>1000,0.2203757225433526,0.2978723404255319,0.2554233729881036,0.1904761904761904,0.3076402974983097,,0.4265711494627157,0.2391304347826086,0.07749661788217929,0.04244896743742832,0.08726457495495707,0.009767957072777778,,,0.20619542691936307,0.018754712239255983,True,False,False,True,False,True,False,0.4525222551928783,0.1456542502387774,0.5086505190311419,0.2106017191977077
expanded::GEO_GSE263450_GENERIC_H5AD_EXPANDED::9,expanded,GEO_GSE263450_GENERIC_H5AD_EXPANDED,9,1807,>1000,0.0981161695447409,0.1161731207289294,0.1060315021129466,0.0954968944099378,0.11404833836858,,0.2300094073377234,0.2759036144578313,0.0180569511841885,0.010141618615982798,0.015932168823839105,-0.002124782360349395,,,0.1318932377929825,0.1777874449130904,True,False,False,True,False,True,False,0.1686909581646423,0.0691754288876591,0.185006045949214,0.0846707249584947
expanded::GEO_GSE273530_GENERIC_COSMX_CSV_EXPANDED::1,expanded,GEO_GSE273530_GENERIC_COSMX_CSV_EXPANDED,1,1493,>1000,0.1318136769078295,0.1537757437070938,0.1559040590405904,0.1333333333333333,0.1546489563567362,,0.1031746031746031,0.1451135241855873,0.021962066799264296,-0.002128315333496611,0.022835279448906703,-0.0012551026838542034,,,-0.028639073733226397,0.013299847277757793,False,False,False,True,False,True,False,0.2533333333333333,0.0890823844608171,0.2427745664739884,0.1125251172136637
expanded::GEO_GSE273530_GENERIC_COSMX_CSV_EXPANDED::10,expanded,GEO_GSE273530_GENERIC_COSMX_CSV_EXPANDED,10,443,101-500,0.5011021307861866,0.5109931766489766,0.5094197437829691,0.5118050266565118,0.5045180722891566,,0.3080776455854728,0.519072550486163,0.009891045862789993,-0.000811850007535253,0.003415941502969977,-0.0072869543673552695,,,-0.1930244852007138,0.01797041969997637,False,False,False,False,False,False,False,0.3714596949891067,0.7697516930022573,0.384703196347032,0.7607223476297968
expanded::GEO_GSE273530_GENERIC_COSMX_CSV_EXPANDED::2,expanded,GEO_GSE273530_GENERIC_COSMX_CSV_EXPANDED,2,1092,>1000,0.1840490797546012,0.1963190184049079,0.1926133707339878,0.1828571428571428,0.1866163996229971,,0.0873646209386281,0.1340254837187352,0.012269938650306705,0.0037056476709201036,0.0025673198683958953,-0.00970261878191081,,,-0.0966844588159731,-0.05002359603586598,False,False,False,True,False,False,False,0.189873417721519,0.1785714285714285,0.2025316455696202,0.1904761904761904
expanded::GEO_GSE273530_GENERIC_COSMX_CSV_EXPANDED::3,expanded,GEO_GSE273530_GENERIC_COSMX_CSV_EXPANDED,3,1500,>1000,0.2348178137651821,0.2448797862867319,0.2503317116320213,0.235187697874265,0.2412105028927458,,0.1321909424724602,0.1784875528417097,0.010061972521549806,-0.005451925345289377,0.006392689127563689,-0.009121208739275494,,,-0.10262687129272191,-0.0563302609234724,False,False,False,True,False,False,False,0.3609958506224066,0.174,0.3686327077747989,0.1833333333333333
expanded::GEO_GSE273530_GENERIC_COSMX_CSV_EXPANDED::4,expanded,GEO_GSE273530_GENERIC_COSMX_CSV_EXPANDED,4,1183,>1000,0.4659361600762268,0.405446293494705,0.4054878048780487,0.4529038555392874,0.4195942602671944,,0.1339092872570194,0.4423459244532803,-0.06048986658152178,-0.06048986658152178,-0.046341899809032416,-0.046341899809032416,,,-0.3320268728192074,-0.023590235622946487,False,False,False,False,True,False,True,0.5338427947598253,0.4133558748943364,0.5025,0.3398140321217244
expanded::GEO_GSE273530_GENERIC_COSMX_CSV_EXPANDED::5,expanded,GEO_GSE273530_GENERIC_COSMX_CSV_EXPANDED,5,1500,>1000,0.2979011509817197,0.2977717758271438,0.2978003384094755,0.2955371900826446,0.3006711409395973,,0.0468058191018342,0.3174830175187701,-0.00012937515457589477,-0.00012937515457589477,0.0027699899578775833,0.0027699899578775833,,,-0.25109533187988553,0.019581866537050407,False,False,False,False,False,False,False,0.3026134800550206,0.2933333333333333,0.3016415868673051,0.294
expanded::GEO_GSE273530_GENERIC_COSMX_CSV_EXPANDED::6,expanded,GEO_GSE273530_GENERIC_COSMX_CSV_EXPANDED,6,681,501-1000,0.1789264413518886,0.1901639344262294,0.1785948785292186,0.1807147673634524,0.1838476690741956,,0.2658396101019052,0.2449464922711058,0.011237493074340799,0.009449167062776986,0.00492122772230702,-0.006316265352033779,,,0.08691316875001662,0.0660200509192172,False,False,False,True,False,False,False,0.1630434782608695,0.198237885462555,0.1718009478672985,0.2129221732745961
expanded::GEO_GSE273530_GENERIC_COSMX_CSV_EXPANDED::7,expanded,GEO_GSE273530_GENERIC_COSMX_CSV_EXPANDED,7,726,501-1000,0.3848330503678551,0.3930376193149916,0.3871693866066404,0.4004486819966349,0.3954802259887005,,0.2032019704433497,0.3976143141153081,0.008204568947136504,-0.007411062681643321,0.010647175620845384,-0.004968456007934441,,,-0.1816310799245054,0.012781263747453031,False,False,False,False,False,True,False,0.3266090297790586,0.4683195592286501,0.3317535545023696,0.4820936639118457
expanded::GEO_GSE273530_GENERIC_COSMX_CSV_EXPANDED::8,expanded,GEO_GSE273530_GENERIC_COSMX_CSV_EXPANDED,8,149,101-500,0.0936768149882903,0.0985576923076923,0.0951248513674197,0.1004566210045662,0.0941176470588235,,0.1427061310782241,0.1603563474387527,0.0048808773194020105,-0.0018989286968739,0.0004408320705332064,-0.006338973945742704,,,0.049029316089933814,0.06667953245046242,False,False,False,False,False,False,False,0.0567375886524822,0.2684563758389262,0.0600292825768667,0.2751677852348993
expanded::GEO_GSE273530_GENERIC_COSMX_CSV_EXPANDED::9,expanded,GEO_GSE273530_GENERIC_COSMX_CSV_EXPANDED,9,209,101-500,0.2099236641221374,0.2179999999999999,0.215508559919436,0.1996268656716417,0.2053838484546361,,0.2073365231259968,0.2425531914893617,0.008076335877862495,0.0024914400805639003,-0.004539815667501307,-0.012616151545363802,,,-0.0025871409961406022,0.0326295273672243,False,False,False,False,False,False,False,0.1311084624553039,0.5263157894736842,0.1378002528445006,0.5215311004784688
expanded::GEO_GSE273952_GENERIC_VISIUM_H5_ANNOTATION_EXPANDED::NO_tumor,expanded,GEO_GSE273952_GENERIC_VISIUM_H5_ANNOTATION_EXPANDED,NO_tumor,2500,>1000,0.7934413117376524,0.7984714400643604,0.7987143431096827,0.7984714400643604,0.668231278002987,,0.685771144278607,0.7888280807699566,0.005030128326708017,-0.00024290304532226248,-0.12521003373466544,-0.13048306510669572,,,-0.10767016745904545,-0.004613230967695836,False,False,False,False,False,False,True,0.79328268692523,0.7936,0.8029935275080906,0.794
expanded::GEO_GSE273952_GENERIC_VISIUM_H5_ANNOTATION_EXPANDED::Tumor,expanded,GEO_GSE273952_GENERIC_VISIUM_H5_ANNOTATION_EXPANDED,Tumor,2500,>1000,0.7933586717343469,0.8007159904534606,0.8004778972520908,0.8007159904534606,0.7073216638434029,,0.6826130653266331,0.7619655392469686,0.007357318719113715,0.0,-0.08603700789094404,-0.09339432661005775,,,-0.1107456064077138,-0.031393132487378295,False,False,False,False,False,False,True,0.7935174069627852,0.7932,0.7962816455696202,0.8052
expanded::GEO_GSE278766_GENERIC_COSMX_CSV_EXPANDED::ATL.TAL,expanded,GEO_GSE278766_GENERIC_COSMX_CSV_EXPANDED,ATL.TAL,2500,>1000,0.6365994811414887,0.641150184573538,0.6403559682723932,0.6381198964349731,0.6352941176470588,,0.2816720257234726,0.5874939408628211,0.00455070343204933,0.0007942163011448455,-0.0013053634944298897,-0.00585606692647922,,,-0.35492745541801607,-0.04910554027866754,False,False,False,False,False,False,False,0.635205097570689,0.638,0.6233471854930109,0.66
expanded::GEO_GSE278766_GENERIC_COSMX_CSV_EXPANDED::CNT,expanded,GEO_GSE278766_GENERIC_COSMX_CSV_EXPANDED,CNT,2500,>1000,0.5804571940833707,0.5881298992161255,0.5810535835405833,0.5775978407557354,0.5863757791629564,,0.2478097622027534,0.4389013452914797,0.0076727051327547535,0.007076315675542122,0.005918585079585648,-0.001754120053169106,,,-0.3326474318806173,-0.14155584879189098,False,False,False,False,False,False,False,0.6600407747196738,0.518,0.6681933842239186,0.5252
expanded::GEO_GSE278766_GENERIC_COSMX_CSV_EXPANDED::DCT,expanded,GEO_GSE278766_GENERIC_COSMX_CSV_EXPANDED,DCT,2500,>1000,0.5274369066913638,0.5396235184754822,0.5246741154562383,0.534786641929499,0.5325005783021051,,0.4956755990358713,0.5868926162891234,0.012186611784118395,0.004836876545983193,0.005063671610741283,-0.0071229401733771125,,,-0.03176130765549251,0.05945570959775959,False,False,False,True,False,False,False,0.6261682242990654,0.4556,0.6439267886855241,0.4644
expanded::GEO_GSE278766_GENERIC_COSMX_CSV_EXPANDED::DTL,expanded,GEO_GSE278766_GENERIC_COSMX_CSV_EXPANDED,DTL,2500,>1000,0.4883311316600616,0.4980392156862744,0.4983860555196901,0.4887882219705549,0.4886796682358215,,0.4662326056427934,0.5616341030195382,0.009708084026212815,-0.000346839833415713,0.0003485365757598946,-0.009706387283868634,,,-0.022098526017268194,0.07330297135947661,False,False,False,False,False,False,False,0.5430950048971597,0.4436,0.5468899521531101,0.4572
expanded::GEO_GSE278766_GENERIC_COSMX_CSV_EXPANDED::EC,expanded,GEO_GSE278766_GENERIC_COSMX_CSV_EXPANDED,EC,2500,>1000,0.7018673535093367,0.7051007286755252,0.6943050403665721,0.6790474109678828,0.7068205666316895,,0.5085255767301906,0.7041873030166591,0.00323337516618849,0.00323337516618849,0.004953213122352751,0.0017198379561642607,,,-0.1933417767791461,0.002319949507322394,False,False,False,False,False,False,False,0.7572950440018527,0.654,0.7594644506001846,0.658
expanded::GEO_GSE278766_GENERIC_COSMX_CSV_EXPANDED::IC,expanded,GEO_GSE278766_GENERIC_COSMX_CSV_EXPANDED,IC,2500,>1000,0.7167381974248926,0.7170033339870563,0.7162030733320367,0.7180599369085174,0.7142857142857142,,0.5865973072215422,0.6931369026230686,0.0002651365621636481,-0.0010566029214611472,-0.002452483139178452,-0.003774222622803247,,,-0.1301408902033504,-0.023601294801824046,False,False,False,False,False,False,False,0.6995430312261995,0.7348,0.703347441323586,0.7312
expanded::GEO_GSE278766_GENERIC_COSMX_CSV_EXPANDED::Immune,expanded,GEO_GSE278766_GENERIC_COSMX_CSV_EXPANDED,Immune,2500,>1000,0.7519778481012658,0.751188589540412,0.751622418879056,0.7320158102766798,0.7495524169484783,,0.6149558755225267,0.7541567695961996,-0.0007892585608537672,-0.0007892585608537672,-0.0024254311527874828,-0.0024254311527874828,,,-0.13702197257873905,0.0021789214949338165,False,False,False,False,False,False,False,0.7437402190923318,0.7604,0.7441130298273155,0.7584
expanded::GEO_GSE278766_GENERIC_COSMX_CSV_EXPANDED::Interstitial,expanded,GEO_GSE278766_GENERIC_COSMX_CSV_EXPANDED,Interstitial,2500,>1000,0.7315128562886186,0.7285251215559158,0.7277127874142799,0.7103737757345592,0.7312387432459476,,0.6129193790686028,0.7381434941224159,-0.0029877347327028625,-0.0029877347327028625,-0.0002741130426709981,-0.0002741130426709981,,,-0.11859347722001579,0.006630637833797248,False,False,False,False,False,False,False,0.7290425109257052,0.734,0.7380952380952381,0.7192
expanded::GEO_GSE278766_GENERIC_COSMX_CSV_EXPANDED::PC,expanded,GEO_GSE278766_GENERIC_COSMX_CSV_EXPANDED,PC,2500,>1000,0.664074074074074,0.672436500470367,0.668419076229816,0.6709988860007428,0.6650539635280982,,0.5424449506454061,0.6329415772440812,0.008362426396292921,0.0014376144696242044,0.0009798894540241632,-0.007382536942268758,,,-0.12162912342866794,-0.03113249682999286,False,False,False,False,False,False,False,0.6182758620689656,0.7172,0.6348134991119005,0.7148
expanded::GEO_GSE278766_GENERIC_COSMX_CSV_EXPANDED::PEC,expanded,GEO_GSE278766_GENERIC_COSMX_CSV_EXPANDED,PEC,2500,>1000,0.3463905987688864,0.3431952662721893,0.3374647887323944,0.3299999999999999,0.3531042128603104,,0.311453744493392,0.3256331756192597,-0.0031953324966970675,-0.0031953324966970675,0.006713614091424014,0.006713614091424014,,,-0.03493685427549437,-0.020757423149626697,False,False,False,False,False,False,False,0.5763500931098696,0.2476,0.5805529075309819,0.2436
expanded::GEO_GSE278766_GENERIC_COSMX_CSV_EXPANDED::POD,expanded,GEO_GSE278766_GENERIC_COSMX_CSV_EXPANDED,POD,2011,>1000,0.8112298344856486,0.8120300751879699,0.8120649651972158,0.7902182700080841,0.8117277486910993,,0.8247529901196048,0.839389378628252,0.0008002407023213198,-3.4890009245946985e-05,0.0004979142054507557,-0.0003372165061165111,,,0.01352315563395623,0.028159544142603465,False,False,False,False,False,False,False,0.7009413468501087,0.9627051218299354,0.7000360100828232,0.9666832421680756
expanded::GEO_GSE278766_GENERIC_COSMX_CSV_EXPANDED::PT,expanded,GEO_GSE278766_GENERIC_COSMX_CSV_EXPANDED,PT,2500,>1000,0.766150477084311,0.7548853669795353,0.755480086446434,0.7716312056737589,0.7707056419927707,,0.7586533902323376,0.8233691023675694,-0.01126511010477571,-0.016745838694223525,0.004555164908459641,-0.0009255636809881729,,,-0.007497086851973478,0.057218625283258384,False,False,False,False,True,False,False,0.629077832006165,0.9796,0.6134033508377095,0.9812
expanded::GEO_GSE278766_GENERIC_COSMX_CSV_EXPANDED::TAL,expanded,GEO_GSE278766_GENERIC_COSMX_CSV_EXPANDED,TAL,2500,>1000,0.6196836555360281,0.6284493501869325,0.6236444444444444,0.6304608531780023,0.6203359858532271,,0.4156113763753373,0.6018237082066868,0.008765694650904376,-0.00201150299106978,0.0006523303171990236,-0.010124867324775133,,,-0.20407227916069082,-0.017859947329341264,False,False,False,False,False,False,False,0.5526645768025078,0.7052,0.5662495989733718,0.706
expanded::GEO_GSE279181_H5AD_COMPOSITION_EXPANDED::AS,expanded,GEO_GSE279181_H5AD_COMPOSITION_EXPANDED,AS,2500,>1000,0.5772165219679032,0.5832673528635524,0.5800000000000001,0.6278252134605726,0.562416466185512,,0.4070241455001567,0.5436062065275548,0.006050830895649173,-0.04455786059702027,-0.014800055782391186,-0.06540874727506063,,,-0.1701923764677465,-0.033610315440348426,False,False,False,False,False,False,True,0.8431975403535742,0.4388,0.8572536850271528,0.442
expanded::GEO_GSE279181_H5AD_COMPOSITION_EXPANDED::BC,expanded,GEO_GSE279181_H5AD_COMPOSITION_EXPANDED,BC,56,26-100,0.0851648351648351,0.0859060402684563,0.0864714086471408,0.089058524173028,0.0803212851405622,,0.0596421471172962,0.0833333333333333,0.0007412051036212036,-0.003152483904571693,-0.004843550024272891,-0.008737239032465788,,,-0.025522688047538898,-0.0018315018315017972,False,False,False,False,False,False,False,0.0461309523809523,0.5535714285714286,0.04644412191582,0.5714285714285714
expanded::GEO_GSE279181_H5AD_COMPOSITION_EXPANDED::EC,expanded,GEO_GSE279181_H5AD_COMPOSITION_EXPANDED,EC,1046,>1000,0.3840544482255712,0.3999999999999999,0.4037605145967343,0.3907692307692307,0.3809069212410501,,0.1554716981132075,0.3718140929535233,0.01594555177442869,-0.0037605145967343767,-0.003147526984521143,-0.02285359335568421,,,-0.22858275011236373,-0.01224035527204792,False,False,False,True,False,False,False,0.390702274975272,0.3776290630975143,0.404296875,0.395793499043977
expanded::GEO_GSE279181_H5AD_COMPOSITION_EXPANDED::MG,expanded,GEO_GSE279181_H5AD_COMPOSITION_EXPANDED,MG,2500,>1000,0.3550834597875569,0.382282996432818,0.3931523022432114,0.3723887375113533,0.3736131934032983,,0.4509339647461194,0.3770941212305818,0.02719953664526109,-0.010869305810393415,0.018529733615741395,-0.01953910883991311,,,0.09585050495856251,0.02201066144302488,False,False,False,True,False,True,False,0.7358490566037735,0.234,0.7442129629629629,0.2572
expanded::GEO_GSE279181_H5AD_COMPOSITION_EXPANDED::NEU,expanded,GEO_GSE279181_H5AD_COMPOSITION_EXPANDED,NEU,2500,>1000,0.786750294002352,0.802290076335878,0.7816610296880872,0.8085769980506823,0.7971378843550571,,0.7446118634369635,0.8338097182523478,0.015539782333526042,-0.006286921714804272,0.01038759035270509,-0.011439113695625225,,,-0.04213843056538846,0.047059424249995874,False,False,False,True,False,True,False,0.7713297463489623,0.8028,0.7671532846715329,0.8408
expanded::GEO_GSE279181_H5AD_COMPOSITION_EXPANDED::OL,expanded,GEO_GSE279181_H5AD_COMPOSITION_EXPANDED,OL,2500,>1000,0.7569193742478941,0.7628702047306698,0.7634838194167001,0.7690442513639119,0.7626100880704564,,0.6822147651006711,0.7238403451995685,0.005950830482775671,-0.0061740466332420585,0.0056907138225622544,-0.006434163293455475,,,-0.07470460914722299,-0.0330790290483256,False,False,False,False,False,False,False,0.7590506838294448,0.7548,0.7581983405768471,0.7676
expanded::GEO_GSE279181_H5AD_COMPOSITION_EXPANDED::OPC,expanded,GEO_GSE279181_H5AD_COMPOSITION_EXPANDED,OPC,78,26-100,0.0782429649965683,0.0879454131918119,0.0891621829362029,0.0784044016506189,0.0834553440702782,,0.0602480803307737,0.0763052208835341,0.009702448195243601,-0.0012167697443909997,0.005212379073709902,-0.005706838865924699,,,-0.017994884665794596,-0.0019377441130341982,False,False,False,False,False,False,False,0.0413343002175489,0.7307692307692307,0.0467365028203062,0.7435897435897436
expanded::GEO_GSE279181_H5AD_COMPOSITION_EXPANDED::SC,expanded,GEO_GSE279181_H5AD_COMPOSITION_EXPANDED,SC,364,101-500,0.4244670991658943,0.4208566108007449,0.4321223709369025,0.4572004028197381,0.4007123775601068,,0.2644119907763259,0.4427609427609428,-0.0036104883651494335,-0.03634379201899324,-0.02375472160578751,-0.056488025259631314,,,-0.16005510838956843,0.018293843595048487,False,False,False,False,False,False,True,0.3202797202797203,0.6291208791208791,0.3183098591549296,0.6208791208791209
expanded::GEO_GSE279181_H5AD_COMPOSITION_EXPANDED::TC,expanded,GEO_GSE279181_H5AD_COMPOSITION_EXPANDED,TC,133,101-500,0.1413427561837455,0.1468144044321329,0.1513944223107569,0.1338289962825279,0.1358974358974359,,0.0766961651917404,0.2,0.00547164824838739,-0.004580017878623999,-0.005445320286309618,-0.015496986413321007,,,-0.0646465909920051,0.058657243816254506,False,False,False,False,False,False,False,0.0837988826815642,0.4511278195488721,0.0899830220713073,0.3984962406015037
expanded::GEO_GSE280376_GENERIC_XENIUM_EXPANDED::B_cells,expanded,GEO_GSE280376_GENERIC_XENIUM_EXPANDED,B_cells,2500,>1000,0.0970107163000564,0.0991919754806352,0.0987931518383384,0.0892527066279376,0.0966583816625241,,0.0122390208783297,0.0132141469102215,0.0021812591805788067,0.00039882364229680556,-0.00035233463753228667,-0.0025335938181110934,,,-0.08477169542172669,-0.08379656938983489,False,False,False,False,False,False,False,0.1644359464627151,0.0688,0.1634527089072543,0.0712
expanded::GEO_GSE280376_GENERIC_XENIUM_EXPANDED::CM_Angiogenic,expanded,GEO_GSE280376_GENERIC_XENIUM_EXPANDED,CM_Angiogenic,2500,>1000,0.191757779646762,0.1953103448275862,0.2023040179825793,0.2108575924468922,0.1849806736609608,,0.277602523659306,0.3451254627725216,0.0035525651808241965,-0.01554724761930601,-0.006777105985801196,-0.025876918785931402,,,0.085844744012544,0.1533676831257596,False,False,False,False,False,False,False,0.3205248359887535,0.1368,0.3146666666666666,0.1416
expanded::GEO_GSE280376_GENERIC_XENIUM_EXPANDED::CM_Btk+,expanded,GEO_GSE280376_GENERIC_XENIUM_EXPANDED,CM_Btk+,59,26-100,0.0139303482587064,0.0132978723404255,0.0115882753919563,0.0091683038637852,0.0149447693307342,,0.0,0.0133067198935462,-0.0006324759182808996,-0.0006324759182808996,0.0010144210720278001,0.0010144210720278001,,,-0.0139303482587064,-0.0006236283651602,False,False,False,False,False,False,False,0.0071041948579161,0.3559322033898305,0.006781959986436,0.3389830508474576
expanded::GEO_GSE280376_GENERIC_XENIUM_EXPANDED::CM_Homeostatic1,expanded,GEO_GSE280376_GENERIC_XENIUM_EXPANDED,CM_Homeostatic1,2500,>1000,0.0712234348075818,0.0659653113448962,0.0634390651085142,0.0795295435452254,0.0805223068552774,,0.1488060570762958,0.1684249836616562,-0.005258123462685602,-0.013564232200329207,0.009298872047695611,0.0009927633100520056,,,0.077582622268714,0.09720154885407441,False,False,False,False,False,False,False,0.1262729124236252,0.0496,0.1140609636184857,0.0464
expanded::GEO_GSE280376_GENERIC_XENIUM_EXPANDED::CM_Hypertrophic,expanded,GEO_GSE280376_GENERIC_XENIUM_EXPANDED,CM_Hypertrophic,2500,>1000,0.056056056056056,0.0544307998672419,0.062398440038999,0.0671666123247473,0.0483443708609271,,0.0126432240221256,0.0319756376094404,-0.0016252561888141018,-0.0127358124575054,-0.007711685195128902,-0.0188222414638202,,,-0.0434128320339304,-0.024080418446615598,False,False,False,False,False,False,False,0.1690140845070422,0.0336,0.1598440545808966,0.0328
expanded::GEO_GSE280376_GENERIC_XENIUM_EXPANDED::CM_Prehypertrophic,expanded,GEO_GSE280376_GENERIC_XENIUM_EXPANDED,CM_Prehypertrophic,2500,>1000,0.1179608772969768,0.0985368766796058,0.0845653459491425,0.0983875375785733,0.1102028458976688,,0.128840436075322,0.0884470346246143,-0.019424000617371,-0.019424000617371,-0.007758031399308002,-0.007758031399308002,,,0.010879558778345205,-0.029513842672362497,False,False,False,False,True,False,False,0.2276887871853546,0.0796,0.1943462897526501,0.066
expanded::GEO_GSE280376_GENERIC_XENIUM_EXPANDED::CM_Slit2+,expanded,GEO_GSE280376_GENERIC_XENIUM_EXPANDED,CM_Slit2+,997,501-1000,0.2417962003454231,0.2293388429752066,0.2121739130434783,0.23331039229181,0.2400865176640231,,0.0854205114684946,0.098537825810553,-0.012457357370216499,-0.012457357370216499,-0.0017096826813999821,-0.0017096826813999821,,,-0.1563756888769285,-0.14325837453487011,False,False,False,False,True,False,False,0.1844046364594309,0.3510531594784353,0.1746198217094913,0.3340020060180542
expanded::GEO_GSE280376_GENERIC_XENIUM_EXPANDED::DC_CCR7,expanded,GEO_GSE280376_GENERIC_XENIUM_EXPANDED,DC_CCR7,191,101-500,0.0184254606365159,0.0201280878316559,0.0233812949640287,0.0203217612193056,0.0209059233449477,,0.0100671140939597,0.0196319018404908,0.0017026271951399996,-0.0032532071323728012,0.0024804627084317986,-0.0024753716190810023,,,-0.0083583465425562,0.0012064412039748985,False,False,False,False,False,False,False,0.0109670987038883,0.0575916230366492,0.0121951219512195,0.0575916230366492
expanded::GEO_GSE280376_GENERIC_XENIUM_EXPANDED::DC_con1,expanded,GEO_GSE280376_GENERIC_XENIUM_EXPANDED,DC_con1,776,501-1000,0.0303030303030303,0.0333625987708516,0.0309653916211293,0.0283569641367806,0.0303571428571428,,0.0,0.0153005464480874,0.0030595684678212977,0.002397207149722299,5.411255411250093e-05,-0.0030054559137087968,,,-0.0303030303030303,-0.0150024838549429,False,False,False,False,False,False,False,0.0491329479768786,0.0219072164948453,0.0523415977961432,0.0244845360824742
expanded::GEO_GSE280376_GENERIC_XENIUM_EXPANDED::DC_con2_Ifitm1,expanded,GEO_GSE280376_GENERIC_XENIUM_EXPANDED,DC_con2_Ifitm1,335,101-500,0.0172314761631246,0.0159774436090225,0.0171790235081374,0.0110837438423645,0.0145413870246085,,0.0056577086280056,0.0104004160166406,-0.0012540325541020997,-0.0012540325541020997,-0.0026900891385160993,-0.0026900891385160993,,,-0.011573767535119,-0.006831060146484,False,False,False,False,False,False,False,0.0106685633001422,0.044776119402985,0.0094813162297824,0.0507462686567164
expanded::GEO_GSE280376_GENERIC_XENIUM_EXPANDED::DC_con2b/moDC,expanded,GEO_GSE280376_GENERIC_XENIUM_EXPANDED,DC_con2b/moDC,629,501-1000,0.0394930739758326,0.0373613543490951,0.0355912743972445,0.0398162327718223,0.0356711003627569,,0.0222929936305732,0.0795344325897187,-0.0021317196267374994,-0.002454878422727201,-0.0038219736130757007,-0.004145132409065402,,,-0.0172000803452594,0.04004135861388611,False,False,False,False,False,False,False,0.0242402315484804,0.1065182829888712,0.0228816589202717,0.1017488076311605
expanded::GEO_GSE280376_GENERIC_XENIUM_EXPANDED::DC_plasmacytoid,expanded,GEO_GSE280376_GENERIC_XENIUM_EXPANDED,DC_plasmacytoid,314,101-500,0.1136890951276102,0.1058688147295742,0.103954802259887,0.0874635568513119,0.0962566844919786,,0.119205298013245,0.1055718475073313,-0.007820280398036006,-0.007820280398036006,-0.0174324106356316,-0.0174324106356316,,,0.0055162028856347994,-0.008117247620278906,False,False,False,False,False,False,True,0.0894160583941605,0.1560509554140127,0.0828828828828828,0.1464968152866242
expanded::GEO_GSE280376_GENERIC_XENIUM_EXPANDED::FB_Duox1,expanded,GEO_GSE280376_GENERIC_XENIUM_EXPANDED,FB_Duox1,1204,>1000,0.0371445153801509,0.0683453237410071,0.0653823701109165,0.0345821325648414,0.0501835985312117,,0.001412429378531,0.0093603744149765,0.031200808360856203,0.002962953630090609,0.013039083151060803,-0.0181617252097954,,,-0.0357320860016199,-0.027784140965174398,False,False,False,True,False,True,False,0.0616570327552986,0.0265780730897009,0.1228448275862068,0.0473421926910299
expanded::GEO_GSE280376_GENERIC_XENIUM_EXPANDED::FB_Fgl2,expanded,GEO_GSE280376_GENERIC_XENIUM_EXPANDED,FB_Fgl2,2347,>1000,0.2738807756763227,0.3101873001370488,0.2962787390376867,0.2651826760222598,0.3012729844413013,,0.2256697961987634,0.2662304616503089,0.03630652446072613,0.013908561099362116,0.02739220876497861,-0.008914315695747521,,,-0.048210979477559285,-0.007650314026013794,True,False,False,True,False,True,False,0.3125683060109289,0.2437153813378781,0.3343180699162973,0.2893054963783553
expanded::GEO_GSE280376_GENERIC_XENIUM_EXPANDED::FB_Postn_Thbs4,expanded,GEO_GSE280376_GENERIC_XENIUM_EXPANDED,FB_Postn_Thbs4,1074,>1000,0.1652346331791143,0.2058682058682058,0.1514745308310992,0.0845697329376854,0.1840958605664488,,0.0229479258605472,0.0365217391304347,0.04063357268909151,0.04063357268909151,0.018861227387334506,-0.021772345301757007,,,-0.1422867073185671,-0.12871289404867958,True,False,False,True,False,True,False,0.2847380410022779,0.1163873370577281,0.2129353233830845,0.1992551210428305
expanded::GEO_GSE280376_GENERIC_XENIUM_EXPANDED::FB_Saa3,expanded,GEO_GSE280376_GENERIC_XENIUM_EXPANDED,FB_Saa3,1741,>1000,0.0880265026029342,0.1129476584022038,0.0922930542340627,0.080397470641373,0.1155913978494623,,0.0067491563554555,0.0109469074986316,0.02492115579926961,0.020654604168141105,0.02756489524652811,0.0026437394472585,,,-0.08127734624747869,-0.0770795951043026,True,False,False,True,False,True,False,0.25,0.0534175761056863,0.2814645308924485,0.070649052268811
expanded::GEO_GSE280376_GENERIC_XENIUM_EXPANDED::FB_WntX,expanded,GEO_GSE280376_GENERIC_XENIUM_EXPANDED,FB_WntX,308,101-500,0.0478632478632478,0.0424778761061946,0.0506550218340611,0.0448275862068965,0.0435875943000838,,0.0111940298507462,0.029520295202952,-0.005385371757053198,-0.0081771457278665,-0.004275653563163999,-0.007067427533977301,,,-0.0366692180125016,-0.018342952660295796,False,False,False,False,False,False,False,0.0324825986078886,0.0909090909090909,0.0291970802919708,0.0779220779220779
expanded::GEO_GSE280376_GENERIC_XENIUM_EXPANDED::FB_quiescent,expanded,GEO_GSE280376_GENERIC_XENIUM_EXPANDED,FB_quiescent,2500,>1000,0.0946353224834237,0.0647719762062128,0.095811991563724,0.0707589960689446,0.0697139098980598,,0.0387914957105557,0.0925596297614809,-0.029863346277210892,-0.03104001535751119,-0.0249214125853639,-0.0260980816656642,,,-0.055843826772868,-0.002075692721942801,False,False,False,False,True,False,True,0.1919315403422982,0.0628,0.1863117870722433,0.0392
expanded::GEO_GSE280376_GENERIC_XENIUM_EXPANDED::FB_transition_Cd9,expanded,GEO_GSE280376_GENERIC_XENIUM_EXPANDED,FB_transition_Cd9,2500,>1000,0.1267605633802817,0.1133297355639503,0.1183684350839776,0.1026761332605133,0.1168311549746599,,0.0108485083301046,0.0196152395322519,-0.013430827816331384,-0.013430827816331384,-0.009929408405621787,-0.009929408405621787,,,-0.11591205505017708,-0.10714532384802979,False,False,False,False,True,False,False,0.1821589205397301,0.0972,0.1741293532338308,0.084
expanded::GEO_GSE280376_GENERIC_XENIUM_EXPANDED::FB_transition_Il1rapl1,expanded,GEO_GSE280376_GENERIC_XENIUM_EXPANDED,FB_transition_Il1rapl1,1709,>1000,0.0463171437761338,0.019047619047619,0.0266040688575899,0.0191864927091327,0.0376451742090508,,0.0,0.0620097123645872,-0.0272695247285148,-0.0272695247285148,-0.008671969567083,-0.008671969567083,,,-0.0463171437761338,0.0156925685884534,False,False,False,False,True,False,False,0.0514285714285714,0.0421299005266237,0.0366056572379367,0.0128730251609128
expanded::GEO_GSE280376_GENERIC_XENIUM_EXPANDED::FBmyo_IFN,expanded,GEO_GSE280376_GENERIC_XENIUM_EXPANDED,FBmyo_IFN,2500,>1000,0.0919372491791317,0.0799120234604105,0.0898138006571741,0.1223367697594501,0.1034482758620689,,0.0133228840125391,0.0139751552795031,-0.012025225718721194,-0.0424247462990396,0.0115110266829372,-0.018888493897381203,,,-0.07861436516659259,-0.07796209389962859,False,False,False,False,True,True,False,0.5228215767634855,0.0504,0.4780701754385965,0.0436
expanded::GEO_GSE280376_GENERIC_XENIUM_EXPANDED::FBmyo_main,expanded,GEO_GSE280376_GENERIC_XENIUM_EXPANDED,FBmyo_main,440,101-500,0.0057343102899012,0.0045617464972303,0.005429250084832,0.003987240829346,0.0046280991735537,,0.0031948881789137,0.0060331825037707,-0.0011725637926709,-0.0011725637926709,-0.0011062111163474995,-0.0011062111163474995,,,-0.0025394221109874995,0.0002988722138695006,False,False,False,False,False,False,False,0.0033345683586513,0.0204545454545454,0.00266260935717,0.0159090909090909
expanded::GEO_GSE280376_GENERIC_XENIUM_EXPANDED::Fbmyo_Hp,expanded,GEO_GSE280376_GENERIC_XENIUM_EXPANDED,Fbmyo_Hp,155,101-500,0.0,0.0,0.0,0.0164271047227926,0.0,,0.0,0.0,0.0,-0.0164271047227926,0.0,-0.0164271047227926,,,0.0,0.0,False,False,False,False,False,False,False,0.0,0.0,0.0,0.0
expanded::GEO_GSE280376_GENERIC_XENIUM_EXPANDED::Fbmyo_cycling,expanded,GEO_GSE280376_GENERIC_XENIUM_EXPANDED,Fbmyo_cycling,2500,>1000,0.0143350146004778,0.0126696832579185,0.0157515751575157,0.0154914529914529,0.0127858372264568,,0.0094361877801368,0.0125546889861137,-0.0016653313425592994,-0.0030818918995971986,-0.0015491773740209987,-0.002965737931058898,,,-0.004898826820341,-0.0017803256143640988,False,False,False,False,False,False,False,0.021310181531176,0.0108,0.0145833333333333,0.0112
expanded::GEO_GSE280376_GENERIC_XENIUM_EXPANDED::Fibrocytes,expanded,GEO_GSE280376_GENERIC_XENIUM_EXPANDED,Fibrocytes,1546,>1000,0.0318142734307824,0.0317331163547599,0.029251984956122,0.0371517027863777,0.028169014084507,,0.0496575342465753,0.0217278841179513,-8.115707602249916e-05,-0.0054185864316178,-0.0036452593462753986,-0.0089826887018707,,,0.017843260815792898,-0.010086389312831099,False,False,False,False,False,False,False,0.0474358974358974,0.0239327296248382,0.0427631578947368,0.0252263906856403
expanded::GEO_GSE280376_GENERIC_XENIUM_EXPANDED::ILC2,expanded,GEO_GSE280376_GENERIC_XENIUM_EXPANDED,ILC2,1103,>1000,0.0407268170426065,0.0443383356070941,0.0401849784723329,0.0402790992705359,0.0454394693200663,,0.0739922694643843,0.0872246696035242,0.0036115185644875966,0.0036115185644875966,0.004712652277459803,0.0011011337129722062,,,0.033265452421777794,0.046497852560917693,False,False,False,False,False,False,False,0.024616549895853,0.1178603807796917,0.0273051879857172,0.1178603807796917
expanded::GEO_GSE280376_GENERIC_XENIUM_EXPANDED::ILC2_IL5,expanded,GEO_GSE280376_GENERIC_XENIUM_EXPANDED,ILC2_IL5,299,101-500,0.0201793721973094,0.0202702702702702,0.0138089758342922,0.0123239436619718,0.0218818380743982,,0.0113765642775881,0.0175219023779724,9.089807296079958e-05,9.089807296079958e-05,0.0017024658770888011,0.0016115678041280015,,,-0.008802807919721298,-0.002657469819337,False,False,False,False,False,False,False,0.0151770657672849,0.0301003344481605,0.0152801358234295,0.0301003344481605
expanded::GEO_GSE280376_GENERIC_XENIUM_EXPANDED::MAIT,expanded,GEO_GSE280376_GENERIC_XENIUM_EXPANDED,MAIT,664,501-1000,0.0113314447592067,0.0110395584176632,0.0105448154657293,0.0097465886939571,0.012927054478301,,0.0042872454448017,0.0066815144766146,-0.00029188634154349996,-0.00029188634154349996,0.0015956097190942993,0.0015956097190942993,,,-0.007044199314405,-0.004649930282592101,False,False,False,False,False,False,False,0.0151898734177215,0.0090361445783132,0.0141843971631205,0.0090361445783132
expanded::GEO_GSE280376_GENERIC_XENIUM_EXPANDED::Macro_Cxcl13,expanded,GEO_GSE280376_GENERIC_XENIUM_EXPANDED,Macro_Cxcl13,2298,>1000,0.0207986688851913,0.0549882168106834,0.0343558282208589,0.011508425811755,0.0627663696241766,,0.2119298245614035,0.1558148287542341,0.0341895479254921,0.020632388589824503,0.0419677007389853,0.0077781528134932,,,0.1911311556762122,0.1350161598690428,True,False,False,True,False,True,False,0.2358490566037736,0.0108790252393385,0.282258064516129,0.0304612706701479
expanded::GEO_GSE280376_GENERIC_XENIUM_EXPANDED::Macro_MHCII_Cx3cr1,expanded,GEO_GSE280376_GENERIC_XENIUM_EXPANDED,Macro_MHCII_Cx3cr1,1639,>1000,0.1515627728304522,0.1286161783674221,0.1155681215762502,0.1489434219495569,0.1351400842336568,,0.0927030748049564,0.0974140984767977,-0.0229465944630301,-0.0229465944630301,-0.01642268859679538,-0.01642268859679538,,,-0.05885969802549579,-0.05414867435365449,False,False,False,False,True,False,True,0.1061643835616438,0.2647956070774863,0.0921330517423442,0.212934716290421
expanded::GEO_GSE280376_GENERIC_XENIUM_EXPANDED::Macro_Retnla,expanded,GEO_GSE280376_GENERIC_XENIUM_EXPANDED,Macro_Retnla,2500,>1000,0.2888413038305972,0.2674829291264422,0.2755221778925135,0.2672893039804314,0.2669138090824838,,0.3571153104512148,0.3627925746569814,-0.02135837470415497,-0.02135837470415497,-0.021927494748113396,-0.021927494748113396,,,0.06827400662061761,0.0739512708263842,False,False,False,False,True,False,True,0.3564298297122724,0.2428,0.3251287922152261,0.2272
expanded::GEO_GSE280376_GENERIC_XENIUM_EXPANDED::Macro_Timd4_Lyve1,expanded,GEO_GSE280376_GENERIC_XENIUM_EXPANDED,Macro_Timd4_Lyve1,2500,>1000,0.0809327846364883,0.0571689915389892,0.0356408498971898,0.1067552602436323,0.0721415607985481,,0.0648230746357419,0.0798247748844001,-0.023763793097499097,-0.0495862687046431,-0.008791223837940204,-0.0346136994450842,,,-0.016109710000746402,-0.0011080097520882043,False,False,False,False,True,False,False,0.0944503735325506,0.0708,0.0667378537106246,0.05
expanded::GEO_GSE280376_GENERIC_XENIUM_EXPANDED::Macro_Trem2_Gpnmb,expanded,GEO_GSE280376_GENERIC_XENIUM_EXPANDED,Macro_Trem2_Gpnmb,478,101-500,0.0560093348891481,0.0416666666666666,0.0331588132635253,0.0548847420417124,0.0455037919826652,,0.0376068376068376,0.0561299852289512,-0.014342668222481501,-0.014342668222481501,-0.010505542906482902,-0.010505542906482902,,,-0.018402497282310505,0.00012065033980309531,False,False,False,False,True,False,True,0.0633245382585752,0.0502092050209205,0.0380622837370242,0.0460251046025104
expanded::GEO_GSE280376_GENERIC_XENIUM_EXPANDED::Mast_cells,expanded,GEO_GSE280376_GENERIC_XENIUM_EXPANDED,Mast_cells,1049,>1000,0.0112,0.0108191653786707,0.0087463556851311,0.014018691588785,0.0093823299452697,,0.0,0.0034013605442176,-0.00038083462132930054,-0.0031995262101143004,-0.0018176700547303005,-0.0046363616435153,,,-0.0112,-0.007798639455782399,False,False,False,False,False,False,False,0.0348258706467661,0.0066730219256434,0.0285714285714285,0.0066730219256434
expanded::GEO_GSE280376_GENERIC_XENIUM_EXPANDED::NK_Gzma,expanded,GEO_GSE280376_GENERIC_XENIUM_EXPANDED,NK_Gzma,1704,>1000,0.0412486064659977,0.0150103519668737,0.0232809962100703,0.0374574347332576,0.0176723049734915,,0.1673394495412844,0.1573593522939589,-0.026238254499123998,-0.026238254499123998,-0.0235763014925062,-0.0235763014925062,,,0.1260908430752867,0.11611074582796119,False,False,False,False,True,False,True,0.0392781316348195,0.0434272300469483,0.0134259259259259,0.017018779342723
expanded::GEO_GSE280376_GENERIC_XENIUM_EXPANDED::NK_Klra5,expanded,GEO_GSE280376_GENERIC_XENIUM_EXPANDED,NK_Klra5,1071,>1000,0.0429338103756708,0.0376569037656903,0.0385462555066079,0.0417371686407219,0.0357690342360756,,0.0144284128745837,0.0271066588096641,-0.0052769066099805015,-0.0052769066099805015,-0.007164776139595201,-0.007164776139595201,,,-0.028505397501087104,-0.015827151566006704,False,False,False,False,False,False,False,0.0594059405940594,0.0336134453781512,0.0428061831153388,0.0336134453781512
expanded::GEO_GSE280376_GENERIC_XENIUM_EXPANDED::NK_T,expanded,GEO_GSE280376_GENERIC_XENIUM_EXPANDED,NK_T,2500,>1000,0.0176782557454331,0.0182720953326713,0.0229974663808224,0.0141460370293322,0.0157480314960629,,0.0083275503122831,0.0071392146863844,0.0005938395872381978,-0.0047253710481511,-0.0019302242493701993,-0.007249434884759497,,,-0.009350705433150001,-0.0105390410590487,False,False,False,False,False,False,False,0.0139925373134328,0.024,0.018145956607495,0.0184
expanded::GEO_GSE280376_GENERIC_XENIUM_EXPANDED::NM,expanded,GEO_GSE280376_GENERIC_XENIUM_EXPANDED,NM,2500,>1000,0.0221606648199446,0.0290556900726392,0.0338680926916221,0.0421607378129117,0.0233128834355828,,0.0014892032762472,0.0266858997475658,0.0068950252526946,-0.013105047740272501,0.0011522186156382001,-0.0188478543773289,,,-0.020671461543697398,0.004525234927621202,False,False,False,False,False,False,False,0.048064085447263,0.0144,0.0597014925373134,0.0192
expanded::GEO_GSE280376_GENERIC_XENIUM_EXPANDED::Neutrophil_1,expanded,GEO_GSE280376_GENERIC_XENIUM_EXPANDED,Neutrophil_1,470,101-500,0.0599161174355901,0.0569057498518079,0.0590717299578059,0.0577231427044361,0.0568181818181818,,0.0297951582867783,0.0550847457627118,-0.003010367583782196,-0.003010367583782196,-0.003097935617408294,-0.003097935617408294,,,-0.030120959148811795,-0.004831371672878296,False,False,False,False,False,False,False,0.0417014178482068,0.1063829787234042,0.0394412489728841,0.102127659574468
expanded::GEO_GSE280376_GENERIC_XENIUM_EXPANDED::Neutrophil_2,expanded,GEO_GSE280376_GENERIC_XENIUM_EXPANDED,Neutrophil_2,1109,>1000,0.0416499799759711,0.0386717108028583,0.038301415487094,0.0411171450737005,0.0412371134020618,,0.0108381502890173,0.0245554614733276,-0.0029782691731128005,-0.0029782691731128005,-0.00041286657390929987,-0.00041286657390929987,,,-0.0308118296869538,-0.0170945185026435,False,False,False,False,False,False,False,0.0374639769452449,0.0468890892696122,0.0362204724409448,0.0414788097385031
expanded::GEO_GSE280376_GENERIC_XENIUM_EXPANDED::Schwann_quiescent,expanded,GEO_GSE280376_GENERIC_XENIUM_EXPANDED,Schwann_quiescent,1073,>1000,0.0107770845150311,0.0115972588297311,0.0139860139860139,0.0098379629629629,0.0119500271591526,,0.0446749102512963,0.0332950631458094,0.0008201743147000003,-0.0023887551562827986,0.001172942644121499,-0.0020359868268613,,,0.0338978257362652,0.0225179786307783,False,False,False,False,False,False,False,0.0077456176110884,0.0177073625349487,0.00808526277104,0.0205032618825722
expanded::GEO_GSE280376_GENERIC_XENIUM_EXPANDED::T_CD4,expanded,GEO_GSE280376_GENERIC_XENIUM_EXPANDED,T_CD4,533,501-1000,0.0024449877750611,0.0046457607433217,0.0046189376443418,0.0024096385542168,0.0067567567567567,,0.0,0.0,0.0022007729682606,2.682309897990027e-05,0.0043117689816956,0.002110996013435,,,-0.0024449877750611,-0.0024449877750611,False,False,False,False,False,False,False,0.0035087719298245,0.0018761726078799,0.0060975609756097,0.0037523452157598
expanded::GEO_GSE280376_GENERIC_XENIUM_EXPANDED::T_CD8,expanded,GEO_GSE280376_GENERIC_XENIUM_EXPANDED,T_CD8,1043,>1000,0.1498829039812646,0.1406659184436962,0.1370262390670553,0.1648351648351648,0.1402439024390244,,0.0262582056892779,0.0718171926006528,-0.009216985537568417,-0.024169246391468613,-0.009639001542240205,-0.0245912623961404,,,-0.12362469829198672,-0.07806571138061182,False,False,False,False,False,False,False,0.1263989466754443,0.1840843720038351,0.1153374233128834,0.1802492809204218
expanded::GEO_GSE280376_GENERIC_XENIUM_EXPANDED::T_Isg15,expanded,GEO_GSE280376_GENERIC_XENIUM_EXPANDED,T_Isg15,452,101-500,0.0212443095599393,0.019774011299435,0.0215343203230148,0.0245901639344262,0.031578947368421,,0.0907127429805615,0.060882800608828,-0.0014702982605043005,-0.004816152634991203,0.010334637808481699,0.006988783433994797,,,0.0694684334206222,0.039638491048888704,False,False,False,False,False,True,False,0.0338164251207729,0.0154867256637168,0.02734375,0.0154867256637168
expanded::GEO_GSE280376_GENERIC_XENIUM_EXPANDED::T_Macro,expanded,GEO_GSE280376_GENERIC_XENIUM_EXPANDED,T_Macro,378,101-500,0.006514657980456,0.0062111801242236,0.0038572806171648,0.0033112582781456,0.0053262316910785,,0.0477941176470588,0.0581395348837209,-0.0003034778562324,-0.0003034778562324,-0.0011884262893775005,-0.0011884262893775005,,,0.0412794596666028,0.0516248769032649,False,False,False,False,False,False,False,0.0084745762711864,0.0052910052910052,0.0051020408163265,0.0079365079365079
expanded::GEO_GSE280376_GENERIC_XENIUM_EXPANDED::T_gd,expanded,GEO_GSE280376_GENERIC_XENIUM_EXPANDED,T_gd,209,101-500,0.0,0.0,0.0,0.0,0.0,,0.0030959752321981,0.0,0.0,0.0,0.0,0.0,,,0.0030959752321981,0.0,False,False,False,False,False,False,False,0.0,0.0,0.0,0.0
expanded::GEO_GSE280376_GENERIC_XENIUM_EXPANDED::Treg,expanded,GEO_GSE280376_GENERIC_XENIUM_EXPANDED,Treg,312,101-500,0.0,0.0,0.0,0.0,0.0,,0.0,0.0,0.0,0.0,0.0,0.0,,,0.0,0.0,False,False,False,False,False,False,False,0.0,0.0,0.0,0.0
expanded::GEO_GSE280376_GENERIC_XENIUM_EXPANDED::mo_Macro_Il10_Fn1,expanded,GEO_GSE280376_GENERIC_XENIUM_EXPANDED,mo_Macro_Il10_Fn1,572,501-1000,0.0208667736757624,0.0233122875182127,0.0224089635854341,0.0229952830188679,0.0273489192765769,,0.0229357798165137,0.0193789914115833,0.0024455138424503003,0.0003170044993448008,0.0064821456008145005,0.0040366317583642,,,0.002069006140751301,-0.0014877822641790987,False,False,False,False,False,False,False,0.0135416666666666,0.0454545454545454,0.0161398789509078,0.0419580419580419
expanded::GEO_GSE280376_GENERIC_XENIUM_EXPANDED::mo_Macro_Ly6C_Isg15_Cxcl3,expanded,GEO_GSE280376_GENERIC_XENIUM_EXPANDED,mo_Macro_Ly6C_Isg15_Cxcl3,289,101-500,0.0041493775933609,0.0043509789702683,0.0043010752688172,0.0041928721174004,0.0041465100207325,,0.003454231433506,0.0075471698113207,0.0002016013769074003,4.990370145109991e-05,-2.867572628399706e-06,-0.0002044689495358,,,-0.0006951461598548995,0.0033977922179598006,False,False,False,False,False,False,False,0.0025929127052722,0.0103806228373702,0.0027522935779816,0.0103806228373702
expanded::GEO_GSE280376_GENERIC_XENIUM_EXPANDED::mo_Macro_Spp1,expanded,GEO_GSE280376_GENERIC_XENIUM_EXPANDED,mo_Macro_Spp1,230,101-500,0.0,0.0,0.0,0.0018484288354898,0.0,,0.0,0.0,0.0,-0.0018484288354898,0.0,-0.0018484288354898,,,0.0,0.0,False,False,False,False,False,False,False,0.0,0.0,0.0,0.0
expanded::GEO_GSE280376_GENERIC_XENIUM_EXPANDED::vEC_Areg_Dkk2_Wnt,expanded,GEO_GSE280376_GENERIC_XENIUM_EXPANDED,vEC_Areg_Dkk2_Wnt,221,101-500,0.0010596026490066,0.000555709919422,0.0011386279533162,0.0010749798441279,0.0005521811154058,,0.0,0.0023474178403755,-0.0005038927295846,-0.0005829180338942,-0.0005074215336007999,-0.0005864468379103999,,,-0.0010596026490066,0.0012878151913689002,False,False,False,False,False,False,False,0.0005627462014631,0.0090497737556561,0.0002960331557134,0.004524886877828
expanded::GEO_GSE280376_GENERIC_XENIUM_EXPANDED::vEC_Arterial,expanded,GEO_GSE280376_GENERIC_XENIUM_EXPANDED,vEC_Arterial,761,501-1000,0.0,0.0,0.0,0.0,0.0,,0.0,0.0,0.0,0.0,0.0,0.0,,,0.0,0.0,False,False,False,False,False,False,False,0.0,0.0,0.0,0.0
expanded::GEO_GSE280376_GENERIC_XENIUM_EXPANDED::vEC_Endocardial,expanded,GEO_GSE280376_GENERIC_XENIUM_EXPANDED,vEC_Endocardial,801,501-1000,0.0150862068965517,0.0198019801980198,0.0218522372528616,0.0124293785310734,0.0176991150442477,,0.0022650056625141,0.006092916984006,0.004715773301468098,-0.002050257054841801,0.002612908147696,-0.004153122208613899,,,-0.012821201234037601,-0.0089932899125457,False,False,False,False,False,False,False,0.0132701421800947,0.0174781523096129,0.0176991150442477,0.0224719101123595
expanded::GEO_GSE280376_GENERIC_XENIUM_EXPANDED::vEC_Immune,expanded,GEO_GSE280376_GENERIC_XENIUM_EXPANDED,vEC_Immune,2320,>1000,0.061008994915917,0.0424098295679746,0.0403961934356185,0.0697061803444782,0.062150164060992,,0.1561574269995768,0.1326299924642049,-0.018599165347942398,-0.0272963507765036,0.001141169145074998,-0.0075560162834862055,,,0.0951484320836598,0.0716209975482879,False,False,False,False,True,False,False,0.0558339298496778,0.0672413793103448,0.0392516507703595,0.0461206896551724
expanded::GEO_GSE280376_GENERIC_XENIUM_EXPANDED::vEC_Lymphatic,expanded,GEO_GSE280376_GENERIC_XENIUM_EXPANDED,vEC_Lymphatic,2500,>1000,0.0049737496546007,0.0106411279595637,0.0048596112311015,0.0176114474408365,0.0090836227624899,,0.0065837600585223,0.0014015416958654,0.005667378304962999,-0.006970319481272802,0.0041098731078892,-0.008527824678346601,,,0.0016100104039215996,-0.0035722079587353003,False,False,False,False,False,False,False,0.0080428954423592,0.0036,0.0158856235107227,0.008
expanded::GEO_GSE280376_GENERIC_XENIUM_EXPANDED::vEC_angio_IFN,expanded,GEO_GSE280376_GENERIC_XENIUM_EXPANDED,vEC_angio_IFN,2500,>1000,0.0085275724843661,0.0142775556824671,0.0123602118893466,0.0067624683009298,0.0072483969891274,,0.0168783867815581,0.0158828382838283,0.005749983198100999,0.0019173437931205,-0.0012791754952387003,-0.0070291586933397,,,0.008350814297192002,0.007355265799462201,False,False,False,False,False,False,False,0.0147347740667976,0.006,0.0249500998003992,0.01
expanded::GEO_GSE280376_GENERIC_XENIUM_EXPANDED::vEC_capillary1,expanded,GEO_GSE280376_GENERIC_XENIUM_EXPANDED,vEC_capillary1,2500,>1000,0.0196578085183836,0.0224475018102824,0.0188405797101449,0.044206296048225,0.0206626291414321,,0.0606276747503566,0.0355951056729699,0.0027896932918987996,-0.0217587942379426,0.0010048206230485017,-0.0235436669067929,,,0.040969866231973004,0.015937297154586298,False,False,False,False,False,False,False,0.1093117408906882,0.0108,0.1183206106870229,0.0124
expanded::GEO_GSE280376_GENERIC_XENIUM_EXPANDED::vEC_capillary2,expanded,GEO_GSE280376_GENERIC_XENIUM_EXPANDED,vEC_capillary2,972,501-1000,0.0043795620437956,0.0037546933667083,0.0057409400789379,0.0043103448275862,0.0033489618218352,,0.0042530568846358,0.0047808764940239,-0.0006248686770873001,-0.0019862467122296005,-0.0010306002219604002,-0.0023919782571027006,,,-0.00012650515915979977,0.0004013144502282998,False,False,False,False,False,False,False,0.003393665158371,0.0061728395061728,0.0026978417266187,0.0061728395061728
expanded::GEO_GSE280376_GENERIC_XENIUM_EXPANDED::vEC_metabolic,expanded,GEO_GSE280376_GENERIC_XENIUM_EXPANDED,vEC_metabolic,2500,>1000,0.0361164223496919,0.0289555325749741,0.0266721378744357,0.0308087291399229,0.037037037037037,,0.0515463917525773,0.049908703590992,-0.007160889774717804,-0.007160889774717804,0.0009206146873450977,0.0009206146873450977,,,0.0154299694028854,0.013792281241300094,False,False,False,False,False,False,False,0.0385138196647032,0.034,0.0299785867237687,0.028
expanded::GEO_GSE280376_GENERIC_XENIUM_EXPANDED::vEpicardial_derived,expanded,GEO_GSE280376_GENERIC_XENIUM_EXPANDED,vEpicardial_derived,2500,>1000,0.0197802197802197,0.0182481751824817,0.0214132762312633,0.022875816993464,0.0245931283905967,,0.0585714285714285,0.0264450321118247,-0.0015320445977380012,-0.0046276418109823005,0.004812908610377,0.0017173113971327009,,,0.0387912087912088,0.0066648123316049995,False,False,False,False,False,False,False,0.117391304347826,0.0108,0.1041666666666666,0.01
expanded::GEO_GSE280376_GENERIC_XENIUM_EXPANDED::vPericyte_FB,expanded,GEO_GSE280376_GENERIC_XENIUM_EXPANDED,vPericyte_FB,1446,>1000,0.0050223214285714,0.0067969413763806,0.0046852122986822,0.0111459421804249,0.005451076587626,,0.0026041666666666,0.0031496062992125,0.0017746199478092,-0.0043490008040442995,0.00042875515905459963,-0.0056948655927989,,,-0.0024181547619048,-0.0018727151293589004,False,False,False,False,False,False,False,0.0042095416276894,0.0062240663900414,0.0057553956834532,0.0082987551867219
expanded::GEO_GSE280376_GENERIC_XENIUM_EXPANDED::vPericyte_INF,expanded,GEO_GSE280376_GENERIC_XENIUM_EXPANDED,vPericyte_INF,2500,>1000,0.031736872475476,0.0331202789076118,0.0315420560747663,0.0335551055828753,0.0308318789994182,,0.0094073377234242,0.0292561469032057,0.001383406432135803,-0.00043482667526349716,-0.0009049934760577971,-0.0027232265834570973,,,-0.022329534752051797,-0.0024807255722702967,False,False,False,False,False,False,False,0.056935817805383,0.022,0.0605095541401273,0.0228
expanded::GEO_GSE280376_GENERIC_XENIUM_EXPANDED::vPericyte_quiescent,expanded,GEO_GSE280376_GENERIC_XENIUM_EXPANDED,vPericyte_quiescent,2500,>1000,0.0058498537536561,0.0056461731493099,0.0063755180108383,0.003269042170644,0.0063451776649746,,0.0027322404371584,0.0025526483726866,-0.0002036806043461993,-0.0007293448615283997,0.0004953239113185005,-3.0340345863699887e-05,,,-0.0031176133164976996,-0.0032972053809694995,False,False,False,False,False,False,False,0.0155979202772963,0.0036,0.0130813953488372,0.0036
expanded::GEO_GSE280376_GENERIC_XENIUM_EXPANDED::vSMC1,expanded,GEO_GSE280376_GENERIC_XENIUM_EXPANDED,vSMC1,2500,>1000,0.1176181102362204,0.1017699115044247,0.1034992607195662,0.0719424460431654,0.1124260355029585,,0.1966818303451967,0.1746641074856046,-0.0158481987317957,-0.0158481987317957,-0.0051920747332619005,-0.0051920747332619005,,,0.0790637201089763,0.057045997249384195,False,False,False,False,True,False,False,0.1528132992327365,0.0956,0.1320153061224489,0.0828
expanded::GEO_GSE280376_GENERIC_XENIUM_EXPANDED::vSMC2,expanded,GEO_GSE280376_GENERIC_XENIUM_EXPANDED,vSMC2,2500,>1000,0.3254593175853018,0.3256182625237793,0.3281323877068558,0.3250352278064819,0.3258816120906801,,0.2977635782747604,0.3643885487340725,0.00015894493847751212,-0.002514125183076532,0.00042229450537834,-0.002250775616175704,,,-0.027695739310541367,0.03892923114877073,False,False,False,False,False,False,False,0.2650238873522756,0.4216,0.2696953781512605,0.4108
expanded::GEO_GSE282127_GENERIC_H5AD_EXPANDED::0,expanded,GEO_GSE282127_GENERIC_H5AD_EXPANDED,0,2500,>1000,0.5721305721305721,0.6189929891650733,0.5885473176612417,0.5847447447447447,0.6140617096611027,,0.5910931174089069,0.5795160911439982,0.046862417034501225,0.030445671503831595,0.04193113753053068,-0.004931279503970543,,,0.018962545278334852,0.007385519013426101,True,False,False,True,False,True,False,0.4043327269720522,0.978,0.4542563143124415,0.9712
expanded::GEO_GSE282127_GENERIC_H5AD_EXPANDED::1,expanded,GEO_GSE282127_GENERIC_H5AD_EXPANDED,1,2500,>1000,0.1066466391288021,0.2364016736401673,0.1865805525654826,0.1155423033917256,0.2409470752089136,,0.3652062679884873,0.2154171066525871,0.1297550345113652,0.0498211210746847,0.1343004360801115,0.0045454015687463045,,,0.2585596288596852,0.108770467523785,True,False,False,True,False,True,False,0.8711656441717791,0.0568,0.9211956521739132,0.1356
expanded::GEO_GSE282127_GENERIC_H5AD_EXPANDED::10,expanded,GEO_GSE282127_GENERIC_H5AD_EXPANDED,10,2500,>1000,0.6595656384008853,0.6567575006881365,0.6589307915457936,0.6525112290730911,0.6588430208477151,,0.6272344900105152,0.645447219983884,-0.0028081377127487928,-0.0028081377127487928,-0.0007226175531702683,-0.0007226175531702683,,,-0.0323311483903701,-0.014118418417001344,False,False,False,False,False,False,False,0.5041234933389723,0.9536,0.5006294586655476,0.9544
expanded::GEO_GSE282127_GENERIC_H5AD_EXPANDED::11,expanded,GEO_GSE282127_GENERIC_H5AD_EXPANDED,11,2500,>1000,0.6899166034874905,0.6907993966817496,0.6977358490566038,0.7021857923497268,0.6897714499812664,,0.704500199123855,0.7196153846153845,0.0008827931942591016,-0.011386395667977167,-0.00014515350622412715,-0.012414342368460396,,,0.014583595636364466,0.029698781127894036,False,False,False,False,False,False,False,0.6556195965417867,0.728,0.6533523537803139,0.7328
expanded::GEO_GSE282127_GENERIC_H5AD_EXPANDED::12,expanded,GEO_GSE282127_GENERIC_H5AD_EXPANDED,12,2500,>1000,0.6010282776349616,0.5845830044725073,0.5927848429794964,0.5862603305785125,0.5884816753926702,,0.4672330097087379,0.5666759079567507,-0.016445273162454255,-0.016445273162454255,-0.012546602242291427,-0.012546602242291427,,,-0.1337952679262237,-0.03435236967821087,False,False,False,False,True,False,True,0.8410071942446044,0.4676,0.8539584934665642,0.4444
expanded::GEO_GSE282127_GENERIC_H5AD_EXPANDED::13,expanded,GEO_GSE282127_GENERIC_H5AD_EXPANDED,13,2500,>1000,0.9699553390174585,0.9678338762214984,0.9697339020922202,0.9681606165078076,0.969574036511156,,0.9132161089052752,0.961095672886066,-0.0021214627959600385,-0.0021214627959600385,-0.0003813025063024167,-0.0003813025063024167,,,-0.05673923011218329,-0.00885966613139244,False,False,False,False,False,False,False,0.9847485572959604,0.9556,0.9854892205638476,0.9508
expanded::GEO_GSE282127_GENERIC_H5AD_EXPANDED::14,expanded,GEO_GSE282127_GENERIC_H5AD_EXPANDED,14,2500,>1000,0.72524646378054,0.7272354388843315,0.7225886232481451,0.7331314878892733,0.7252931323283082,,0.6627282491944145,0.7242589703588143,0.0019889751037914793,-0.0058960490049417835,4.6668547768136115e-05,-0.007838355560965127,,,-0.0625182145861255,-0.0009874934217257714,False,False,False,False,False,False,False,0.7811634349030471,0.6768,0.7462121212121212,0.7092
expanded::GEO_GSE282127_GENERIC_H5AD_EXPANDED::15,expanded,GEO_GSE282127_GENERIC_H5AD_EXPANDED,15,2500,>1000,0.7615214328838801,0.7574227428802264,0.762811423941665,0.7542020961044097,0.7617504051863857,,0.7592480291085506,0.7771360286795459,-0.004098690003653704,-0.005388681061438638,0.0002289723025056256,-0.0010610187552793082,,,-0.0022734037753294745,0.01561459579566582,False,False,False,False,False,False,False,0.766302146618064,0.7568,0.7649938800489596,0.75
expanded::GEO_GSE282127_GENERIC_H5AD_EXPANDED::16,expanded,GEO_GSE282127_GENERIC_H5AD_EXPANDED,16,2500,>1000,0.6231780167264038,0.629746070133011,0.6118631553039625,0.6462821403752607,0.6211271041717491,,0.5995045417010735,0.6458602011864844,0.006568053406607155,-0.01653607024224968,-0.002050912554654727,-0.02515503620351156,,,-0.02367347502533035,0.022682184460080523,False,False,False,False,False,False,False,0.7738872403560831,0.5216,0.7963302752293578,0.5208
expanded::GEO_GSE282127_GENERIC_H5AD_EXPANDED::17,expanded,GEO_GSE282127_GENERIC_H5AD_EXPANDED,17,2500,>1000,0.7459715639810427,0.7564162389174054,0.7511848341232227,0.7420427553444181,0.7522290004692633,,0.6354897375941803,0.7173222575128267,0.010444674936362697,0.005231404794182715,0.006257436488220636,-0.004187238448142061,,,-0.11048182638686244,-0.02864930646821595,False,False,False,True,False,False,False,0.9151162790697674,0.6296,0.9076147816349384,0.6484
expanded::GEO_GSE282127_GENERIC_H5AD_EXPANDED::18,expanded,GEO_GSE282127_GENERIC_H5AD_EXPANDED,18,2315,>1000,0.7996972754793139,0.7906036877999495,0.7977022977022977,0.8083937047214589,0.8022936923460484,,0.6844106463878328,0.7838660578386607,-0.009093587679364412,-0.01779001692150939,0.0025964168667345078,-0.0061000123754104685,,,-0.11528662909148113,-0.015831217640653206,False,False,False,False,False,False,False,0.9611885991510006,0.6846652267818575,0.9519464720194648,0.6760259179265659
expanded::GEO_GSE282127_GENERIC_H5AD_EXPANDED::19,expanded,GEO_GSE282127_GENERIC_H5AD_EXPANDED,19,2192,>1000,0.7205857879846895,0.729384045775833,0.7242302543507363,0.7198669991687449,0.7320703653585927,,0.6706010250038825,0.6988068365043535,0.008798257791143516,0.005153791425096754,0.011484577373903182,0.0026863195827596664,,,-0.04998476298080701,-0.02177895148033604,False,False,False,False,False,True,False,0.5671993712339534,0.9876824817518248,0.5778666666666666,0.988594890510949
expanded::GEO_GSE282127_GENERIC_H5AD_EXPANDED::2,expanded,GEO_GSE282127_GENERIC_H5AD_EXPANDED,2,2500,>1000,0.7318159327065809,0.7789820923656928,0.7363502213477618,0.780614657210402,0.7835244558857946,,0.7579450418160095,0.754653130287648,0.04716615965911197,-0.0016325648447091945,0.051708523179213706,0.0029097986753925387,,,0.026129109109428672,0.02283719758106717,False,False,False,True,False,True,False,0.9591439688715954,0.5916,0.9478211009174312,0.6612
expanded::GEO_GSE282127_GENERIC_H5AD_EXPANDED::21,expanded,GEO_GSE282127_GENERIC_H5AD_EXPANDED,21,631,501-1000,0.8652482269503545,0.8636363636363636,0.8626062322946175,0.8620689655172413,0.8609738884968243,,0.7275943396226415,0.8225050234427328,-0.00161186331399088,-0.00161186331399088,-0.004274338453530202,-0.004274338453530202,,,-0.137653887327713,-0.04274320350762173,False,False,False,False,False,False,False,0.7830551989730423,0.9667194928684628,0.7824967824967825,0.9635499207606972
expanded::GEO_GSE282127_GENERIC_H5AD_EXPANDED::22,expanded,GEO_GSE282127_GENERIC_H5AD_EXPANDED,22,1446,>1000,0.432601880877743,0.4380554103502352,0.4222689075630252,0.4382139148494289,0.4627930682976554,,0.2152521525215252,0.3887665198237885,0.0054535294724922245,-0.00015850449919369014,0.03019118741991239,0.024579153448226476,,,-0.2173497283562178,-0.04383536105395447,False,True,False,False,False,True,False,0.8846153846153846,0.2863070539419087,0.8972162740899358,0.2897648686030429
expanded::GEO_GSE282127_GENERIC_H5AD_EXPANDED::23,expanded,GEO_GSE282127_GENERIC_H5AD_EXPANDED,23,75,26-100,0.4483985765124555,0.419672131147541,0.4522968197879859,0.4671532846715329,0.4076433121019108,,0.3764705882352941,0.4830188679245283,-0.028726445364914532,-0.047481153523991904,-0.04075526441054472,-0.059509972569622094,,,-0.0719279882771614,0.03462029141207279,False,False,False,False,True,False,True,0.3058252427184466,0.84,0.2782608695652174,0.8533333333333334
expanded::GEO_GSE282127_GENERIC_H5AD_EXPANDED::24,expanded,GEO_GSE282127_GENERIC_H5AD_EXPANDED,24,635,501-1000,0.0434782608695652,0.1142241379310344,0.1005347593582887,0.0495283018867924,0.1023454157782516,,0.0143472022955523,0.0241610738255033,0.0707458770614692,0.0136893785727457,0.058867154908686395,-0.011878722152782809,,,-0.0291310585740129,-0.019317187044061903,True,False,False,True,False,True,False,0.0932642487046632,0.0283464566929133,0.1808873720136518,0.0834645669291338
expanded::GEO_GSE282127_GENERIC_H5AD_EXPANDED::25,expanded,GEO_GSE282127_GENERIC_H5AD_EXPANDED,25,560,501-1000,0.5584750128799587,0.5590062111801243,0.5562435500515995,0.5690200210748156,0.5617860851505712,,0.42015503875969,0.4911644766651563,0.0005311983001655696,-0.010013809894691361,0.0033110722706124474,-0.007233935924244483,,,-0.1383199741202687,-0.06731053621480243,False,False,False,False,False,False,False,0.3924692251991311,0.9678571428571427,0.3935860058309038,0.9642857142857144
expanded::GEO_GSE282127_GENERIC_H5AD_EXPANDED::26,expanded,GEO_GSE282127_GENERIC_H5AD_EXPANDED,26,254,101-500,0.3453924914675768,0.3619456366237482,0.3421230561189993,0.3513888888888889,0.350415512465374,,0.2970414201183431,0.3300589390962672,0.0165531451561714,0.010556747734859262,0.005023020997797223,-0.011530124158374178,,,-0.048351071349233665,-0.015333552371309567,True,False,False,True,False,False,False,0.2089182493806771,0.9960629921259844,0.2211538461538461,0.9960629921259844
expanded::GEO_GSE282127_GENERIC_H5AD_EXPANDED::3,expanded,GEO_GSE282127_GENERIC_H5AD_EXPANDED,3,2500,>1000,0.883158456340032,0.8643216080402011,0.8858773181169758,0.891882183908046,0.8798586572438163,,0.8731408573928258,0.8841582401986874,-0.0188368482998309,-0.027560575867844883,-0.0032997990962156942,-0.012023526664229678,,,-0.010017598947206219,0.0009997838586554009,False,False,False,False,True,False,False,0.7950688440601985,0.9932,0.7624579639254051,0.9976
expanded::GEO_GSE282127_GENERIC_H5AD_EXPANDED::4,expanded,GEO_GSE282127_GENERIC_H5AD_EXPANDED,4,2500,>1000,0.7298807187075345,0.7350791717417783,0.7309151616330247,0.7345763225708656,0.7312414733969987,,0.7782236956901064,0.751793400286944,0.005198453034243822,0.0005028491709127003,0.001360754689464283,-0.0038376983447795388,,,0.04834297698257195,0.02191268157940951,False,False,False,False,False,False,False,0.5862236235750667,0.9668,0.5934119960668633,0.9656
expanded::GEO_GSE282127_GENERIC_H5AD_EXPANDED::5,expanded,GEO_GSE282127_GENERIC_H5AD_EXPANDED,5,2500,>1000,0.9547213622291022,0.930110548997564,0.952032363706415,0.9515757109915448,0.9399467882934246,,0.8748013420448526,0.9252841438419974,-0.024610813231538242,-0.024610813231538242,-0.014774573935677604,-0.014774573935677604,,,-0.0799200201842496,-0.02943721838710478,False,False,False,False,True,False,True,0.9246626686656672,0.9868,0.87486781811773,0.9928
expanded::GEO_GSE282127_GENERIC_H5AD_EXPANDED::6,expanded,GEO_GSE282127_GENERIC_H5AD_EXPANDED,6,2500,>1000,0.2758404021363493,0.2668344870988043,0.2704737998117352,0.2372227579556412,0.2791862284820031,,0.2736564457632706,0.2502463054187192,-0.009005915037544998,-0.009005915037544998,0.0033458263456537796,0.0033458263456537796,,,-0.0021839563730787215,-0.025594096717630133,False,False,False,False,False,False,False,0.6427525622254758,0.1756,0.6253687315634219,0.1696
expanded::GEO_GSE282127_GENERIC_H5AD_EXPANDED::7,expanded,GEO_GSE282127_GENERIC_H5AD_EXPANDED,7,2500,>1000,0.7537117903930131,0.7470311449697512,0.7529307675293077,0.7493415276558385,0.7467792092403377,,0.5997842502696872,0.7288503253796096,-0.006680645423261855,-0.006680645423261855,-0.0069325811526753656,-0.0069325811526753656,,,-0.15392754012332588,-0.024861465013403472,False,False,False,False,False,False,False,0.8298076923076924,0.6904,0.8492103922567499,0.6668
expanded::GEO_GSE282127_GENERIC_H5AD_EXPANDED::8,expanded,GEO_GSE282127_GENERIC_H5AD_EXPANDED,8,2500,>1000,0.9773187525313892,0.9778046811945116,0.9794437726723096,0.9798387096774194,0.9787664307381194,,0.9447179098826204,0.9753597476838164,0.00048592866312235916,-0.0020340284829077904,0.0014476782067301963,-0.0010722789392999532,,,-0.032600842648768835,-0.0019590048475728317,False,False,False,False,False,False,False,0.9897456931911404,0.9652,0.9865635179153096,0.9692
expanded::GEO_GSE282127_GENERIC_H5AD_EXPANDED::9,expanded,GEO_GSE282127_GENERIC_H5AD_EXPANDED,9,2500,>1000,0.543525571273123,0.5427792915531335,0.5503791982665222,0.5572354211663068,0.542732716385411,,0.4796700058927519,0.5306465155331654,-0.0007462797199894178,-0.014456129613173219,-0.000792854887711969,-0.01450270478089577,,,-0.06385556538037107,-0.012879055739957512,False,False,False,False,False,False,False,0.8494897959183674,0.3996,0.8512820512820513,0.3984
expanded::GEO_GSE284005_MERSCOPE_MS_EXPANDED::B,expanded,GEO_GSE284005_MERSCOPE_MS_EXPANDED,B,944,501-1000,0.8532460447354064,0.857914640734738,0.8549534756431308,0.8534059945504086,0.8519116855142704,,0.7663157894736842,0.8621219887237315,0.0046685959993315596,0.002961165091607154,-0.0013343592211360056,-0.006002955220467565,,,-0.08693025526172227,0.00887594398832503,False,False,False,False,False,False,False,0.8796400449943758,0.8283898305084746,0.8754134509371555,0.8411016949152542
expanded::GEO_GSE284005_MERSCOPE_MS_EXPANDED::BCAS1+ OL,expanded,GEO_GSE284005_MERSCOPE_MS_EXPANDED,BCAS1+ OL,1000,501-1000,0.5792410714285714,0.5865647187329328,0.5912087912087912,0.5647442872687704,0.5855263157894738,,0.0719016083254493,0.2554216867469879,0.007323647304361414,-0.004644072475858407,0.006285244360902387,-0.005682475419317434,,,-0.5073394631031221,-0.3238193846815835,False,False,False,False,False,False,False,0.6553030303030303,0.519,0.6462093862815884,0.537
expanded::GEO_GSE284005_MERSCOPE_MS_EXPANDED::CCN1.Astro,expanded,GEO_GSE284005_MERSCOPE_MS_EXPANDED,CCN1.Astro,1000,501-1000,0.58328530259366,0.5550458715596331,0.5513756316676024,0.5610913404507709,0.5643105446118192,,0.3504398826979472,0.5109797297297297,-0.02823943103402682,-0.02823943103402682,-0.018974757981840784,-0.018974757981840784,,,-0.23284541989571278,-0.07230557286393025,False,False,False,False,True,False,True,0.6884353741496598,0.506,0.6505376344086021,0.484
expanded::GEO_GSE284005_MERSCOPE_MS_EXPANDED::CD4+ T,expanded,GEO_GSE284005_MERSCOPE_MS_EXPANDED,CD4+ T,342,101-500,0.4987893462469734,0.4873015873015873,0.490023942537909,0.4707692307692307,0.49438202247191,,0.4525916561314791,0.5120274914089347,-0.011487758945386117,-0.011487758945386117,-0.004407323775063421,-0.004407323775063421,,,-0.046197690115494294,0.013238145161961257,False,False,False,False,True,False,False,0.3444816053511705,0.9035087719298246,0.3344226579520697,0.8976608187134503
expanded::GEO_GSE284005_MERSCOPE_MS_EXPANDED::CD8+ T,expanded,GEO_GSE284005_MERSCOPE_MS_EXPANDED,CD8+ T,1000,501-1000,0.4817610062893082,0.4878353087960075,0.4834063869755792,0.4445884640311082,0.4843161856963614,,0.088560885608856,0.3587509077705156,0.006074302506699325,0.004428921820428311,0.002555179407053243,-0.003519123099646082,,,-0.3932001206804522,-0.12301009851879258,False,False,False,False,False,False,False,0.6491525423728813,0.383,0.648424543946932,0.391
expanded::GEO_GSE284005_MERSCOPE_MS_EXPANDED::COP,expanded,GEO_GSE284005_MERSCOPE_MS_EXPANDED,COP,448,101-500,0.7967289719626168,0.7990543735224588,0.7962529274004684,0.7939110070257611,0.7933884297520661,,0.5958041958041957,0.773955773955774,0.0023254015598419553,0.0023254015598419553,-0.00334054221055069,-0.005665943770392645,,,-0.20092477615842108,-0.022773198006842854,False,False,False,False,False,False,False,0.8357843137254902,0.7611607142857143,0.8492462311557789,0.7544642857142857
expanded::GEO_GSE284005_MERSCOPE_MS_EXPANDED::DA.Astro,expanded,GEO_GSE284005_MERSCOPE_MS_EXPANDED,DA.Astro,1000,501-1000,0.5263686589653441,0.5358802271553949,0.5113693784739768,0.5171736997055938,0.5340793489318413,,0.5665480427046263,0.6022330774598744,0.009511568190050723,0.009511568190050723,0.007710689966497153,-0.0018008782235535703,,,0.040179383739282204,0.0758644184945303,False,False,False,False,False,False,False,0.5287588294651867,0.524,0.5538954108858057,0.519
expanded::GEO_GSE284005_MERSCOPE_MS_EXPANDED::DAOPC,expanded,GEO_GSE284005_MERSCOPE_MS_EXPANDED,DAOPC,914,501-1000,0.4647018505825908,0.4576976421636615,0.4446002805049088,0.4598786244099798,0.4528301886792452,,0.3001500750375187,0.3005122367672169,-0.007004208418929292,-0.007004208418929292,-0.011871661903345598,-0.011871661903345598,,,-0.16455177554507205,-0.1641896138153739,False,False,False,False,False,False,True,0.6220183486238532,0.3708971553610503,0.625,0.3610503282275711
expanded::GEO_GSE284005_MERSCOPE_MS_EXPANDED::Disease OL,expanded,GEO_GSE284005_MERSCOPE_MS_EXPANDED,Disease OL,1000,501-1000,0.2632898696088264,0.2644067796610169,0.269281045751634,0.2314483416845622,0.2692619626926196,,0.0,0.0116504854368932,0.0011169100521905007,-0.004874266090617085,0.005972093083793206,-1.908305901437979e-05,,,-0.2632898696088264,-0.2516393841719332,False,False,False,False,False,False,False,0.1757028112449799,0.525,0.1788359788359788,0.507
expanded::GEO_GSE284005_MERSCOPE_MS_EXPANDED::Fibroblast,expanded,GEO_GSE284005_MERSCOPE_MS_EXPANDED,Fibroblast,1000,501-1000,0.7848332571950664,0.7895959126799815,0.7857802400738689,0.7759259259259258,0.7913403961308153,,0.5601552393272963,0.7854330708661418,0.004762655484915168,0.0038156726061125967,0.006507138935748946,0.001744483450833778,,,-0.22467801786777009,0.000599813671075422,False,False,False,False,False,False,False,0.7224558452481077,0.859,0.7372072853425846,0.85
expanded::GEO_GSE284005_MERSCOPE_MS_EXPANDED::Homeo.Astro,expanded,GEO_GSE284005_MERSCOPE_MS_EXPANDED,Homeo.Astro,1000,501-1000,0.1863091037402964,0.2129032258064516,0.1873698820263706,0.2076573653471772,0.1978609625668449,,0.0489181561618062,0.0448179271708683,0.02659412206615519,0.005245860459274415,0.011551858826548494,-0.015042263239606696,,,-0.1373909475784902,-0.1414911765694281,False,False,False,True,False,True,False,0.316546762589928,0.132,0.3,0.165
expanded::GEO_GSE284005_MERSCOPE_MS_EXPANDED::Homeo.Endo,expanded,GEO_GSE284005_MERSCOPE_MS_EXPANDED,Homeo.Endo,1000,501-1000,0.5548780487804877,0.5128755364806866,0.5409582689335395,0.5446768060836501,0.5530381050463439,,0.4798523531221163,0.5685856432125089,-0.04200251229980112,-0.04200251229980112,-0.0018399437341438674,-0.0018399437341438674,,,-0.07502569565837142,0.013707594432021186,False,False,False,False,True,False,False,0.5640495867768595,0.546,0.5532407407407407,0.478
expanded::GEO_GSE284005_MERSCOPE_MS_EXPANDED::Imm OL,expanded,GEO_GSE284005_MERSCOPE_MS_EXPANDED,Imm OL,1000,501-1000,0.2056303549571603,0.2021210230817217,0.2002472187886279,0.1645493042952208,0.2119047619047619,,0.0743670886075949,0.091798344620015,-0.003509331875438615,-0.003509331875438615,0.006274406947601591,0.006274406947601591,,,-0.13126326634956542,-0.11383201033714531,False,False,False,False,False,False,False,0.2649842271293375,0.168,0.2686567164179104,0.162
expanded::GEO_GSE284005_MERSCOPE_MS_EXPANDED::Imm.Astro,expanded,GEO_GSE284005_MERSCOPE_MS_EXPANDED,Imm.Astro,1000,501-1000,0.3042904290429042,0.2983843245101409,0.2920353982300885,0.2906104962513388,0.308867485885088,,0.2434782608695652,0.2656572608396421,-0.005906104532763301,-0.005906104532763301,0.004577056842183791,0.004577056842183791,,,-0.06081216817333901,-0.038633168203262125,False,False,False,False,False,False,False,0.2270935960591133,0.461,0.2273441592456783,0.434
expanded::GEO_GSE284005_MERSCOPE_MS_EXPANDED::Mac,expanded,GEO_GSE284005_MERSCOPE_MS_EXPANDED,Mac,1000,501-1000,0.5982300884955752,0.5971563981042654,0.5945626477541373,0.5997638724911452,0.588235294117647,,0.1831238779174147,0.3975346687211094,-0.0010736903913098894,-0.0026074743868798045,-0.009994794377928273,-0.011528578373498188,,,-0.41510621057816055,-0.20069541977446587,False,False,False,False,False,False,False,0.7294964028776978,0.507,0.7325581395348837,0.504
expanded::GEO_GSE284005_MERSCOPE_MS_EXPANDED::Mature OL,expanded,GEO_GSE284005_MERSCOPE_MS_EXPANDED,Mature OL,1000,501-1000,0.2846153846153846,0.3048016701461378,0.2994161801501251,0.236548715462918,0.3072534637326813,,0.0643382352941176,0.294300518134715,0.02018628553075319,0.005385489996012682,0.022638079117296706,0.002451793586543516,,,-0.22027714932126702,0.009685133519330369,False,False,False,True,False,True,False,0.2485074626865671,0.333,0.2616487455197133,0.365
expanded::GEO_GSE284005_MERSCOPE_MS_EXPANDED::Micro Foamy,expanded,GEO_GSE284005_MERSCOPE_MS_EXPANDED,Micro Foamy,1000,501-1000,0.5179606025492468,0.5109243697478991,0.5014310246136233,0.4810126582278481,0.5168918918918919,,0.3077658303464755,0.5213893967093235,-0.007036232801347686,-0.007036232801347686,-0.001068710657354921,-0.001068710657354921,,,-0.21019477220277133,0.003428794160076687,False,False,False,False,False,False,False,0.6157024793388429,0.447,0.5808917197452229,0.456
expanded::GEO_GSE284005_MERSCOPE_MS_EXPANDED::Micro Homeo,expanded,GEO_GSE284005_MERSCOPE_MS_EXPANDED,Micro Homeo,1000,501-1000,0.3508333333333333,0.3418803418803419,0.3419023136246787,0.3406451612903226,0.3448866067608045,,0.009861932938856,0.0986547085201793,-0.008952991452991388,-0.008952991452991388,-0.00594672657252876,-0.00594672657252876,,,-0.34097140039447726,-0.252178624813154,False,False,False,False,False,False,False,0.3007142857142857,0.421,0.2985074626865671,0.4
expanded::GEO_GSE284005_MERSCOPE_MS_EXPANDED::Micro IL1B,expanded,GEO_GSE284005_MERSCOPE_MS_EXPANDED,Micro IL1B,1000,501-1000,0.576039119804401,0.5795398923152227,0.5761078998073217,0.4889118102114492,0.5737864077669903,,0.1610619469026548,0.2580477673935618,0.0035007725108217036,0.0034319925079010494,-0.0022527120374107312,-0.005753484548232435,,,-0.41497717290174624,-0.31799135241083926,False,False,False,False,False,False,False,0.5636363636363636,0.589,0.5675934803451582,0.592
expanded::GEO_GSE284005_MERSCOPE_MS_EXPANDED::Micro SPP1,expanded,GEO_GSE284005_MERSCOPE_MS_EXPANDED,Micro SPP1,1000,501-1000,0.5561200923787528,0.5564478034955125,0.5577281191806331,0.5396544085068675,0.5522458628841608,,0.2017900732302684,0.4281984334203655,0.0003277111167596658,-0.0012803156851206587,-0.003874229494592041,-0.005482256296472365,,,-0.3543300191484844,-0.1279216589583873,False,False,False,False,False,False,False,0.5167381974248927,0.602,0.5273052820053715,0.589
expanded::GEO_GSE284005_MERSCOPE_MS_EXPANDED::Micro Stress,expanded,GEO_GSE284005_MERSCOPE_MS_EXPANDED,Micro Stress,1000,501-1000,0.2372093023255814,0.237405906195715,0.2410196987253766,0.2337662337662337,0.2455331412103746,,0.0243673851921274,0.0840799448656099,0.0001966038701335937,-0.003613792529661597,0.008323838884793183,0.004513442484997993,,,-0.21284191713345402,-0.1531293574599715,False,False,False,False,False,False,False,0.2833333333333333,0.204,0.2819807427785419,0.205
expanded::GEO_GSE284005_MERSCOPE_MS_EXPANDED::Micro VEGFA,expanded,GEO_GSE284005_MERSCOPE_MS_EXPANDED,Micro VEGFA,1000,501-1000,0.4971878515185601,0.505902192242833,0.5013865779256794,0.4685059864653826,0.4870349492671927,,0.1068566340160284,0.2050861361771944,0.008714340724272851,0.004515614317153527,-0.01015290225136739,-0.01886724297564024,,,-0.3903312175025317,-0.2921017153413657,False,False,False,False,False,False,True,0.5681233933161953,0.442,0.5776636713735558,0.45
expanded::GEO_GSE284005_MERSCOPE_MS_EXPANDED::NK,expanded,GEO_GSE284005_MERSCOPE_MS_EXPANDED,NK,143,101-500,0.388235294117647,0.3983228511530398,0.380952380952381,0.3587921847246891,0.4024640657084189,,0.1966717095310136,0.2929782082324455,0.010087557035392769,0.010087557035392769,0.014228771590771905,0.004141214555379136,,,-0.19156358458663342,-0.09525708588520149,True,False,False,True,False,True,False,0.2697547683923705,0.6923076923076923,0.2844311377245509,0.6643356643356644
expanded::GEO_GSE284005_MERSCOPE_MS_EXPANDED::Neu.GABA,expanded,GEO_GSE284005_MERSCOPE_MS_EXPANDED,Neu.GABA,1000,501-1000,0.7141652613827992,0.7292866637128931,0.7220309810671257,0.7225481978206203,0.7248380129589632,,0.6669374492282697,0.8337444499259989,0.015121402330093847,0.0067384658922727825,0.010672751576163986,-0.004448650753929861,,,-0.047227812154529536,0.11957918854319971,False,False,False,True,False,True,False,0.6173469387755102,0.847,0.654733492442323,0.823
expanded::GEO_GSE284005_MERSCOPE_MS_EXPANDED::Neu.GLUT,expanded,GEO_GSE284005_MERSCOPE_MS_EXPANDED,Neu.GLUT,1000,501-1000,0.7495126705653021,0.7360147942672214,0.7414868105515589,0.7427716849451645,0.7496423462088699,,0.5746268656716418,0.7053742802303263,-0.013497876298080747,-0.013497876298080747,0.00012967564356780592,0.00012967564356780592,,,-0.17488580489366035,-0.0441383903349758,False,False,False,False,True,False,False,0.7309885931558935,0.769,0.6844368013757524,0.796
expanded::GEO_GSE284005_MERSCOPE_MS_EXPANDED::OPALIN+ OL,expanded,GEO_GSE284005_MERSCOPE_MS_EXPANDED,OPALIN+ OL,1000,501-1000,0.3265792610250297,0.3437139561707036,0.3341094295692666,0.2486772486772487,0.3542857142857142,,0.2784701332187365,0.301309301139262,0.017134695145673895,0.009604526601437013,0.027706453260684494,0.010571758115010599,,,-0.04810912780629323,-0.02526995988576769,False,True,False,True,False,True,False,0.4041297935103244,0.274,0.4059945504087193,0.298
expanded::GEO_GSE284005_MERSCOPE_MS_EXPANDED::OPC,expanded,GEO_GSE284005_MERSCOPE_MS_EXPANDED,OPC,1000,501-1000,0.6224291812184711,0.6219135802469137,0.6179173047473201,0.6266878474980143,0.6282843894899536,,0.3704039945528824,0.4320675105485231,-0.0005156009715574505,-0.004774267251100639,0.005855208271482448,0.0015965419919392598,,,-0.2520251866655887,-0.19036167066994802,False,False,False,False,False,False,False,0.50856055802156,0.802,0.5062814070351759,0.806
expanded::GEO_GSE284005_MERSCOPE_MS_EXPANDED::Pericyte,expanded,GEO_GSE284005_MERSCOPE_MS_EXPANDED,Pericyte,1000,501-1000,0.7681289167412713,0.7633451957295374,0.7627573858549686,0.7569506726457399,0.7664724338861497,,0.6575891069283138,0.7646315789473684,-0.004783721011733855,-0.004783721011733855,-0.0016564828551215438,-0.0016564828551215438,,,-0.11053980981295741,-0.0034973377939028216,False,False,False,False,False,False,False,0.6952998379254457,0.858,0.6875,0.858
expanded::GEO_GSE284005_MERSCOPE_MS_EXPANDED::Repair.Endo,expanded,GEO_GSE284005_MERSCOPE_MS_EXPANDED,Repair.Endo,1000,501-1000,0.7059767348576013,0.6712328767123288,0.698975571315997,0.7024513947590869,0.6988614055751865,,0.4106060606060606,0.7417640807651434,-0.03474385814527248,-0.03474385814527248,-0.007115329282414762,-0.007115329282414762,,,-0.2953706742515407,0.03578734590754218,False,False,False,False,True,False,False,0.5894172806430007,0.88,0.5417690417690417,0.882
expanded::GEO_GSE284005_MERSCOPE_MS_EXPANDED::SMC,expanded,GEO_GSE284005_MERSCOPE_MS_EXPANDED,SMC,1000,501-1000,0.8081547307893361,0.8122686409307246,0.806776071995765,0.8174726989079564,0.8079331941544885,,0.6300839251129762,0.7857923497267759,0.00411391014138851,-0.00520405797723178,-0.00022153663484758557,-0.009539504753467876,,,-0.1780708056763599,-0.022362381062560166,False,False,False,False,False,False,False,0.8466593647316539,0.773,0.8619528619528619,0.768
expanded::GEO_GSE284005_MERSCOPE_MS_EXPANDED::Stress OL,expanded,GEO_GSE284005_MERSCOPE_MS_EXPANDED,Stress OL,1000,501-1000,0.092526690391459,0.0928923293455313,0.0921787709497206,0.1090225563909774,0.101813110181311,,0.0559322033898305,0.0935754189944134,0.00036563895407229485,-0.016130227045446102,0.009286419789852007,-0.00720944620966639,,,-0.0365944870016285,0.0010487286029544074,False,False,False,False,False,False,False,0.1604938271604938,0.065,0.1567695961995249,0.066
expanded::GEO_GSE284005_MERSCOPE_MS_EXPANDED::Stress T,expanded,GEO_GSE284005_MERSCOPE_MS_EXPANDED,Stress T,308,101-500,0.3537688442211055,0.344488188976378,0.3447600391772771,0.3441084462982273,0.3431952662721893,,0.1241050119331742,0.3426883308714919,-0.009280655244727487,-0.009280655244727487,-0.010573577948916169,-0.010573577948916169,,,-0.2296638322879313,-0.011080513349613574,False,False,False,False,False,False,True,0.2561863173216885,0.5714285714285714,0.2471751412429378,0.5681818181818182
expanded::GEO_GSE284005_MERSCOPE_MS_EXPANDED::Stress.Astro,expanded,GEO_GSE284005_MERSCOPE_MS_EXPANDED,Stress.Astro,1000,501-1000,0.2749090909090909,0.2633689839572192,0.2623626373626374,0.2891405729513657,0.2619217081850534,,0.2842824601366742,0.3109327983951855,-0.011540106951871687,-0.0257715889941465,-0.012987382724037488,-0.0272188647663123,,,0.009373369227583306,0.036023707486094625,False,False,False,False,True,False,True,0.504,0.189,0.3971774193548387,0.197
expanded::GEO_GSE284005_MERSCOPE_MS_EXPANDED::Stress.Endo,expanded,GEO_GSE284005_MERSCOPE_MS_EXPANDED,Stress.Endo,1000,501-1000,0.3846689895470384,0.3878536922015183,0.3944827586206896,0.3835997220291869,0.3840782122905028,,0.0834914611005692,0.2771474878444084,0.0031847026544798984,-0.0066290664191713256,-0.0005907772565355573,-0.010404546330186781,,,-0.30117752844646917,-0.10752150170262997,False,False,False,False,False,False,False,0.6344827586206897,0.276,0.6258351893095768,0.281
expanded::GEO_GSE284005_MERSCOPE_MS_EXPANDED::Treg,expanded,GEO_GSE284005_MERSCOPE_MS_EXPANDED,Treg,294,101-500,0.1003134796238244,0.1069182389937107,0.10062893081761,0.0877742946708463,0.1009463722397476,,0.3246753246753247,0.2372881355932203,0.00660475936988629,0.006289308176100697,0.0006328926159231973,-0.005971866753963093,,,0.22436184505150025,0.1369746559693959,False,False,False,False,False,False,False,0.64,0.0544217687074829,0.7083333333333334,0.0578231292517006
expanded::GEO_GSE284005_MERSCOPE_MS_EXPANDED::Vas.Astro,expanded,GEO_GSE284005_MERSCOPE_MS_EXPANDED,Vas.Astro,1000,501-1000,0.8153768335862419,0.8263052208835341,0.8132198297446169,0.8262586377097729,0.8192771084337349,,0.8090405904059041,0.8613424791768741,0.010928387297292175,4.6583173761161056e-05,0.0039002748474930016,-0.007028112449799173,,,-0.006336243180337764,0.04596564559063221,False,False,False,True,False,False,False,0.8249744114636642,0.806,0.8296370967741935,0.823
expanded::GEO_GSE284005_MERSCOPE_MS_EXPANDED::cop_nfol,expanded,GEO_GSE284005_MERSCOPE_MS_EXPANDED,cop_nfol,1000,501-1000,0.0039721946375372,0.0039682539682539,0.0039800995024875,0.0154589371980676,0.0059405940594059,,0.0,0.0,-3.940669283299808e-06,-0.011490683229813699,0.0019683994218686997,-0.009518343138661699,,,-0.0039721946375372,-0.0039721946375372,False,False,False,False,False,False,False,0.2857142857142857,0.002,0.25,0.002
expanded::GEO_GSE284005_MERSCOPE_MS_EXPANDED::inflammatory.Endo,expanded,GEO_GSE284005_MERSCOPE_MS_EXPANDED,inflammatory.Endo,957,501-1000,0.7669683257918554,0.7447306791569087,0.7585408222350897,0.7336394948335246,0.7598607888631091,,0.5842438182863715,0.7094474153297682,-0.02223764663494665,-0.02223764663494665,-0.0071075369287462165,-0.0071075369287462165,,,-0.18272450750548386,-0.05752091046208718,False,False,False,False,True,False,False,0.8360049321824907,0.7084639498432602,0.8468708388814914,0.664576802507837
expanded::GEO_GSE291308_GENERIC_CSV_PAIR_EXPANDED::B Cell,expanded,GEO_GSE291308_GENERIC_CSV_PAIR_EXPANDED,B Cell,1988,>1000,0.6414010910134941,0.6375896700143472,0.6380789022298456,0.6347438752783964,0.6351585014409222,,0.4943181818181818,0.612931798051373,-0.003811420999146886,-0.003811420999146886,-0.006242589572571844,-0.006242589572571844,,,-0.14708290919531225,-0.028469292962121084,False,False,False,False,False,False,False,0.7471571906354515,0.5618712273641852,0.7421509686038744,0.5588531187122736
expanded::GEO_GSE291308_GENERIC_CSV_PAIR_EXPANDED::Endothelial,expanded,GEO_GSE291308_GENERIC_CSV_PAIR_EXPANDED,Endothelial,2500,>1000,0.7424489795918368,0.7392561983471073,0.7411788700795432,0.7387017255546425,0.7401315789473684,,0.7234332425068121,0.7471874336658884,-0.003192781244729437,-0.003192781244729437,-0.0023174006444683926,-0.0023174006444683926,,,-0.019015737085024687,0.004738454074051601,False,False,False,False,False,False,False,0.7579166666666667,0.7276,0.7645299145299145,0.7156
expanded::GEO_GSE291308_GENERIC_CSV_PAIR_EXPANDED::Epithelial,expanded,GEO_GSE291308_GENERIC_CSV_PAIR_EXPANDED,Epithelial,2500,>1000,0.8408079424854502,0.8325455773126267,0.8320920785375762,0.8451479697178252,0.8346883468834688,,0.8460882904380433,0.8654519971969166,-0.008262365172823527,-0.01260239240519856,-0.006119595601981387,-0.010459622834356419,,,0.005280347952593134,0.024644054711466357,False,False,False,False,False,False,False,0.7348892878515859,0.9824,0.7202102803738317,0.9864
expanded::GEO_GSE291308_GENERIC_CSV_PAIR_EXPANDED::Fibroblast,expanded,GEO_GSE291308_GENERIC_CSV_PAIR_EXPANDED,Fibroblast,1083,>1000,0.7368060315284441,0.7049608355091385,0.7283197831978319,0.7082785808147175,0.7234327857861212,,0.61082910321489,0.7108631440761405,-0.03184519601930569,-0.03184519601930569,-0.013373245742322903,-0.013373245742322903,,,-0.12597692831355412,-0.025942887452303665,False,False,False,False,True,False,True,0.5858310626702997,0.9926131117266852,0.5451792024230186,0.997229916897507
expanded::GEO_GSE291308_GENERIC_CSV_PAIR_EXPANDED::Macrophage,expanded,GEO_GSE291308_GENERIC_CSV_PAIR_EXPANDED,Macrophage,2500,>1000,0.7673653925195232,0.762283085929333,0.7642782969885773,0.7613566289825283,0.7657639032458134,,0.7372392365734577,0.7715371621621623,-0.005082306590190155,-0.005082306590190155,-0.001601489273709733,-0.001601489273709733,,,-0.03012615594606549,0.0041717696426391004,False,False,False,False,False,False,False,0.7890955198647507,0.7468,0.7985107314936487,0.7292
expanded::GEO_GSE291308_GENERIC_CSV_PAIR_EXPANDED::NK Cell,expanded,GEO_GSE291308_GENERIC_CSV_PAIR_EXPANDED,NK Cell,2084,>1000,0.7365911799761622,0.723565670934092,0.722828666350261,0.7319047619047621,0.7273164861612514,,0.722323049001815,0.7387261738726173,-0.013025509042070227,-0.013025509042070227,-0.00927469381491075,-0.00927469381491075,,,-0.014268130974347204,0.0021349938964551063,False,False,False,False,True,False,False,0.7318806252960682,0.741362763915547,0.7150890346766635,0.7322456813819578
expanded::GEO_GSE291308_GENERIC_CSV_PAIR_EXPANDED::SMC,expanded,GEO_GSE291308_GENERIC_CSV_PAIR_EXPANDED,SMC,2500,>1000,0.5959849435382686,0.6046707342730906,0.5972280554388913,0.5747372935878191,0.5977967158594888,,0.6571572411478436,0.6536549438409133,0.008685790734822008,0.007442678834199246,0.0018117723212202064,-0.006874018413601801,,,0.06117229760957499,0.057670000302644686,False,False,False,False,False,False,False,0.6244522348816828,0.57,0.6378162450066578,0.5748
expanded::GEO_GSE291308_GENERIC_CSV_PAIR_EXPANDED::Stromal,expanded,GEO_GSE291308_GENERIC_CSV_PAIR_EXPANDED,Stromal,2500,>1000,0.4861239592969473,0.4765496111242046,0.4786284640676374,0.4781997187060477,0.4815678954736351,,0.3673232908458865,0.4613841524573721,-0.00957434817274272,-0.00957434817274272,-0.004556063823312195,-0.004556063823312195,,,-0.1188006684510608,-0.024739806839575218,False,False,False,False,False,False,False,0.5762061403508771,0.4204,0.5800344234079173,0.4044
expanded::GEO_GSE292268_GENERIC_COSMX_CSV_EXPANDED::Antibody.secreting.B.cells,expanded,GEO_GSE292268_GENERIC_COSMX_CSV_EXPANDED,Antibody.secreting.B.cells,1609,>1000,0.6931754089114496,0.7061812023708722,0.7047619047619047,0.7165308498253783,0.7048903878583475,,0.4254401724757455,0.6068660022148394,0.013005793459422654,-0.010349647454506061,0.01171497894689788,-0.011640461967030835,,,-0.26773523643570407,-0.08630940669661014,False,False,False,True,False,True,False,0.6344863190500775,0.7638284648850218,0.6468459152016546,0.7775015537600994
expanded::GEO_GSE292268_GENERIC_COSMX_CSV_EXPANDED::CD3..alpha.beta.T.cells,expanded,GEO_GSE292268_GENERIC_COSMX_CSV_EXPANDED,CD3..alpha.beta.T.cells,2500,>1000,0.6365773389750823,0.6478612716763006,0.6369158878504674,0.6442953020134228,0.6450559701492538,,0.4044558697514995,0.6137947608747898,0.011283932701218302,0.0035659696628778104,0.00847863117417147,-0.002805301527046833,,,-0.2321214692235828,-0.022782578100292494,False,False,False,True,False,False,False,0.7719498289623717,0.5416,0.7676712328767124,0.5604
expanded::GEO_GSE292268_GENERIC_COSMX_CSV_EXPANDED::Central.venous.LSECs,expanded,GEO_GSE292268_GENERIC_COSMX_CSV_EXPANDED,Central.venous.LSECs,2500,>1000,0.6877470355731226,0.691138648585457,0.6893992113198795,0.6709099481376709,0.6934137291280148,,0.5912131621768216,0.68588511637839,0.0033916130123344823,0.0017394372655775703,0.005666693554892244,0.0022750805425577614,,,-0.09653387339630093,-0.001861919194732553,False,False,False,False,False,False,False,0.8212104386451972,0.5916,0.8317388857625211,0.5912
expanded::GEO_GSE292268_GENERIC_COSMX_CSV_EXPANDED::Cholangiocytes,expanded,GEO_GSE292268_GENERIC_COSMX_CSV_EXPANDED,Cholangiocytes,2500,>1000,0.8586545729402874,0.8580548253849043,0.8563859981078524,0.854463615903976,0.86089731556223,,0.6104339346660166,0.8653328203155061,-0.0005997475553830567,-0.0005997475553830567,0.002242742621942684,0.002242742621942684,,,-0.24822063827427077,0.0066782473752187155,False,False,False,False,False,False,False,0.8137535816618912,0.9088,0.8085633404104742,0.914
expanded::GEO_GSE292268_GENERIC_COSMX_CSV_EXPANDED::Erthyroid.cells,expanded,GEO_GSE292268_GENERIC_COSMX_CSV_EXPANDED,Erthyroid.cells,163,101-500,0.2072829131652661,0.1541582150101419,0.1560874089490114,0.175771971496437,0.1638297872340425,,0.0986547085201793,0.159334126040428,-0.05312469815512419,-0.05312469815512419,-0.04345312593122358,-0.04345312593122358,,,-0.1086282046450868,-0.047948787124838105,False,False,False,False,True,False,True,0.1343012704174228,0.4539877300613497,0.0923450789793438,0.4662576687116564
expanded::GEO_GSE292268_GENERIC_COSMX_CSV_EXPANDED::Hep.4,expanded,GEO_GSE292268_GENERIC_COSMX_CSV_EXPANDED,Hep.4,2500,>1000,0.8626705821385386,0.8553782810087492,0.8521114720465037,0.8563090128755364,0.8577319587628867,,0.6503328894806923,0.8336157234835649,-0.0072923011297894025,-0.0072923011297894025,-0.004938623375651985,-0.004938623375651985,,,-0.2123376926578463,-0.029054858654973703,False,False,False,False,False,False,False,0.7591973244147158,0.9988,0.7488735355962751,0.9972
expanded::GEO_GSE292268_GENERIC_COSMX_CSV_EXPANDED::Hep.5,expanded,GEO_GSE292268_GENERIC_COSMX_CSV_EXPANDED,Hep.5,2500,>1000,0.4763042612504978,0.4750864348179784,0.4722502522704339,0.4690681284259984,0.4772542648253452,,0.4006453347674106,0.4642166344294003,-0.0012178264325193866,-0.0012178264325193866,0.0009500035748474245,0.0009500035748474245,,,-0.0756589264830872,-0.012087626821097486,False,False,False,False,False,False,False,0.4742268041237113,0.4784,0.4832436905254447,0.4672
expanded::GEO_GSE292268_GENERIC_COSMX_CSV_EXPANDED::Inflammatory.macrophages,expanded,GEO_GSE292268_GENERIC_COSMX_CSV_EXPANDED,Inflammatory.macrophages,2500,>1000,0.722373188405797,0.71943751417555,0.7174011812812359,0.7165824529168582,0.7159709618874773,,0.657360959651036,0.7478108581436077,-0.0029356742302469874,-0.0029356742302469874,-0.006402226518319676,-0.006402226518319676,,,-0.06501222875476098,0.025437669737810698,False,False,False,False,False,False,False,0.8324634655532359,0.638,0.8308014667365112,0.6344
expanded::GEO_GSE292268_GENERIC_COSMX_CSV_EXPANDED::Mature.B.cells,expanded,GEO_GSE292268_GENERIC_COSMX_CSV_EXPANDED,Mature.B.cells,863,501-1000,0.6162493612672457,0.6215384615384616,0.6202988150437919,0.6149131767109296,0.6235233692860811,,0.3543400713436385,0.5986984815618221,0.005289100271215874,0.0012396464946696772,0.007274008018835376,0.001984907747619502,,,-0.26190928992360724,-0.017550879705423572,False,False,False,False,False,False,False,0.5511882998171846,0.6987253765932793,0.5574977000919963,0.7022016222479722
expanded::GEO_GSE292268_GENERIC_COSMX_CSV_EXPANDED::NK.like.cells,expanded,GEO_GSE292268_GENERIC_COSMX_CSV_EXPANDED,NK.like.cells,1501,>1000,0.6725896676538335,0.678237650200267,0.6777519122048554,0.6680161943319837,0.6793206793206794,,0.4608967674661105,0.6494872469103339,0.005647982546433505,0.0004857379954116281,0.006731011666845865,0.0010830291204123599,,,-0.21169290018772302,-0.023102420743499663,False,False,False,False,False,False,False,0.6644993498049415,0.6808794137241839,0.6795986622073579,0.6768820786142572
expanded::GEO_GSE292268_GENERIC_COSMX_CSV_EXPANDED::Non.inflammatory.macrophages,expanded,GEO_GSE292268_GENERIC_COSMX_CSV_EXPANDED,Non.inflammatory.macrophages,2500,>1000,0.7911857292759705,0.7892074198988197,0.7919208920681675,0.7809047321242443,0.791578947368421,,0.7109836342162983,0.8065341468214919,-0.001978309377150822,-0.002713472169347808,0.0003932180924505202,-0.0003419446997464659,,,-0.08020209505967224,0.015348417545521409,False,False,False,False,False,False,False,0.8322295805739515,0.754,0.8342245989304813,0.7488
expanded::GEO_GSE292268_GENERIC_COSMX_CSV_EXPANDED::Periportal.LSECs,expanded,GEO_GSE292268_GENERIC_COSMX_CSV_EXPANDED,Periportal.LSECs,2500,>1000,0.6237254414324795,0.6297317623464527,0.6246547828270147,0.6278781876702154,0.6273338312173264,,0.3039154754505904,0.5842284516636103,0.006006320913973129,0.0018535746762372574,0.0036083897848468993,-0.0023979311291262295,,,-0.31980996598188915,-0.039496989768869284,False,False,False,False,False,False,False,0.8244575936883629,0.5016,0.8435191403626595,0.5024
expanded::GEO_GSE292268_GENERIC_COSMX_CSV_EXPANDED::Portal.endothelial.cells,expanded,GEO_GSE292268_GENERIC_COSMX_CSV_EXPANDED,Portal.endothelial.cells,658,501-1000,0.4892966360856269,0.5019245573518091,0.4929797191887675,0.4866920152091255,0.4926640926640926,,0.1743227326266195,0.4284341978866475,0.012627921266182174,0.00894483816304159,0.0033674565784657107,-0.009260464687716463,,,-0.31497390345900744,-0.06086243819897941,False,False,False,True,False,False,False,0.4923076923076923,0.486322188449848,0.5085803432137286,0.4954407294832826
expanded::GEO_GSE292268_GENERIC_COSMX_CSV_EXPANDED::Stellate.cells,expanded,GEO_GSE292268_GENERIC_COSMX_CSV_EXPANDED,Stellate.cells,2500,>1000,0.830806065442937,0.8231498285944746,0.8239520958083832,0.8249090173877881,0.8284842319430316,,0.7558881796169932,0.8456565656565658,-0.007656236848462394,-0.007656236848462394,-0.0023218334999054457,-0.0023218334999054457,,,-0.07491788582594383,0.01485050021362877,False,False,False,False,False,False,False,0.8288216560509554,0.8328,0.8300122000813339,0.8164
expanded::GEO_GSE292268_GENERIC_COSMX_CSV_EXPANDED::gamma.delta.T.cells.1,expanded,GEO_GSE292268_GENERIC_COSMX_CSV_EXPANDED,gamma.delta.T.cells.1,747,501-1000,0.6249416160672583,0.6423777564717161,0.6256458431188351,0.6299952985425482,0.6327204148986327,,0.145719489981785,0.7001209189842805,0.017436140404457845,0.012382457929167923,0.007778798831374445,-0.0096573415730834,,,-0.4792221260854733,0.07517930291702224,True,False,False,True,False,False,False,0.4799139167862267,0.8955823293172691,0.5003734129947722,0.8969210174029452
expanded::GEO_GSE292268_GENERIC_COSMX_CSV_EXPANDED::gamma.delta.T.cells.2,expanded,GEO_GSE292268_GENERIC_COSMX_CSV_EXPANDED,gamma.delta.T.cells.2,125,101-500,0.1562913907284768,0.1606886657101865,0.1668984700973574,0.165289256198347,0.164073550212164,,0.128526645768025,0.2022900763358778,0.004397274981709692,-0.006209804387170892,0.007782159483687184,-0.0028249198851934,,,-0.02776474496045181,0.045998685607401,False,False,False,False,False,False,False,0.0936507936507936,0.472,0.0979020979020979,0.448
expanded::GEO_GSE294759_GENERIC_H5AD_EXPANDED::1,expanded,GEO_GSE294759_GENERIC_H5AD_EXPANDED,1,2500,>1000,0.2512776831345826,0.2648212226066898,0.2668187001140251,0.2541001530723814,0.2630284052784611,,0.0126332412159494,0.2429090909090908,0.01354353947210718,-0.00199747750733531,0.011750722143878511,-0.0037902948355639787,,,-0.2386444419186332,-0.0083685922254918,False,False,False,True,False,True,False,0.2686703096539162,0.236,0.3128065395095368,0.2296
expanded::GEO_GSE294759_GENERIC_H5AD_EXPANDED::10,expanded,GEO_GSE294759_GENERIC_H5AD_EXPANDED,10,2500,>1000,0.0474452554744525,0.0498915401301518,0.0525368837711407,0.0695652173913043,0.0513748191027496,,0.0151917964299278,0.0130268199233716,0.0024462846556993004,-0.019673677261152496,0.003929563628297106,-0.01819039828855469,,,-0.032253459044524695,-0.0344184355510809,False,False,False,False,False,False,False,0.2708333333333333,0.026,0.2593984962406015,0.0276
expanded::GEO_GSE294759_GENERIC_H5AD_EXPANDED::11,expanded,GEO_GSE294759_GENERIC_H5AD_EXPANDED,11,2500,>1000,0.1836829836829836,0.1884368308351177,0.1920717319490325,0.1984346224677716,0.1894535910283941,,0.0139805825242718,0.1618364418938306,0.004753847152134089,-0.009997791632653907,0.005770607345410489,-0.008981031439377507,,,-0.1697024011587118,-0.021846541789153018,False,False,False,False,False,False,False,0.2201117318435754,0.1576,0.2325308279506752,0.1584
expanded::GEO_GSE294759_GENERIC_H5AD_EXPANDED::12,expanded,GEO_GSE294759_GENERIC_H5AD_EXPANDED,12,2500,>1000,0.1357702349869451,0.1751067724222086,0.1655973113351665,0.1310390469887491,0.1619609059882097,,0.0214313050133945,0.0389367278172968,0.0393365374352635,0.009509461087042093,0.026190671001264598,-0.013145866433998898,,,-0.11433892997355061,-0.09683350716964831,False,False,False,True,False,True,False,0.3687943262411347,0.0832,0.3688946015424164,0.1148
expanded::GEO_GSE294759_GENERIC_H5AD_EXPANDED::13,expanded,GEO_GSE294759_GENERIC_H5AD_EXPANDED,13,2500,>1000,0.1365802011646374,0.1524941845438097,0.1509237574811345,0.132650310056619,0.147346184314761,,0.0170045781556572,0.0993599512343797,0.015913983379172297,0.0015704270626751837,0.010765983150123587,-0.00514800022904871,,,-0.1195756230089802,-0.0372202499302577,False,False,False,True,False,True,False,0.2018779342723004,0.1032,0.2154857560262965,0.118
expanded::GEO_GSE294759_GENERIC_H5AD_EXPANDED::14,expanded,GEO_GSE294759_GENERIC_H5AD_EXPANDED,14,2500,>1000,0.3265073947667804,0.3334600760456274,0.3382242287434161,0.3388367729831144,0.3276749952317376,,0.4797687861271676,0.4610874981679613,0.006952681278846962,-0.005376696937486991,0.0011676004649571747,-0.011161777751376778,,,0.1532613913603872,0.13458010340118087,False,False,False,False,False,False,False,0.3103821196827686,0.3444,0.3177536231884058,0.3508
expanded::GEO_GSE294759_GENERIC_H5AD_EXPANDED::15,expanded,GEO_GSE294759_GENERIC_H5AD_EXPANDED,15,2500,>1000,0.1573634204275534,0.178470254957507,0.1727115716753022,0.191705575391376,0.177345537757437,,0.040090771558245,0.1605886116442738,0.0211068345299536,-0.013235320433868991,0.019982117329883586,-0.014360037633939005,,,-0.11727264886930841,0.00322519121672038,False,False,False,True,False,True,False,0.3052995391705069,0.106,0.3058252427184466,0.126
expanded::GEO_GSE294759_GENERIC_H5AD_EXPANDED::16,expanded,GEO_GSE294759_GENERIC_H5AD_EXPANDED,16,2229,>1000,0.2583076396026036,0.2764390896921017,0.266847273958686,0.2850498338870432,0.2926350245499181,,0.4591847427433721,0.5697541452258433,0.01813145008949807,-0.008610744194941511,0.034327384947314465,0.0075851906628748855,,,0.2008771031407685,0.3114465056232397,False,False,False,True,False,True,False,0.5463768115942029,0.1691341408703454,0.544137022397892,0.1852848811126065
expanded::GEO_GSE294759_GENERIC_H5AD_EXPANDED::17,expanded,GEO_GSE294759_GENERIC_H5AD_EXPANDED,17,2228,>1000,0.3027190332326284,0.3155048076923077,0.3085748792270532,0.3154518950437318,0.3238670694864048,,0.3132969034608379,0.3682126696832579,0.012785774459679322,5.2912648575931254e-05,0.021148036253776425,0.008362261794097103,,,0.010577870228209496,0.0654936364506295,False,False,False,True,False,True,False,0.4630314232902033,0.2248653500897666,0.4772727272727273,0.235637342908438
expanded::GEO_GSE294759_GENERIC_H5AD_EXPANDED::18,expanded,GEO_GSE294759_GENERIC_H5AD_EXPANDED,18,646,501-1000,0.2301369863013699,0.2205746061167748,0.223156532988357,0.2409475465313029,0.2225113858165257,,0.2399600897979546,0.2187402068317142,-0.009562380184595098,-0.020372940414528112,-0.007625600484844203,-0.018436160714777217,,,0.009823103496584717,-0.011396779469655699,False,False,False,False,False,False,False,0.1477572559366754,0.5201238390092879,0.1377846391354689,0.5526315789473685
expanded::GEO_GSE294759_GENERIC_H5AD_EXPANDED::19,expanded,GEO_GSE294759_GENERIC_H5AD_EXPANDED,19,402,101-500,0.024390243902439,0.0227129337539432,0.0261096605744125,0.0259403372243839,0.0201765447667087,,0.0171358629130966,0.0162016201620162,-0.0016773101484958003,-0.0033967268204692994,-0.0042136991357303,-0.005933115807703799,,,-0.007254380989342401,-0.008188623740422802,False,False,False,False,False,False,False,0.0164359861591695,0.0472636815920398,0.0152155536770921,0.044776119402985
expanded::GEO_GSE294759_GENERIC_H5AD_EXPANDED::2,expanded,GEO_GSE294759_GENERIC_H5AD_EXPANDED,2,2500,>1000,0.1824581988853036,0.1844631073785242,0.1842420611144397,0.1808762581409118,0.1854421969585117,,0.0023696682464454,0.1879370629370629,0.002004908493220603,0.00022104626408450678,0.002983998073208094,0.000979089579987491,,,-0.18008853063885819,0.005478864051759291,False,False,False,False,False,False,False,0.1440481704492821,0.2488,0.1475527831094049,0.246
expanded::GEO_GSE294759_GENERIC_H5AD_EXPANDED::20,expanded,GEO_GSE294759_GENERIC_H5AD_EXPANDED,20,172,101-500,0.0159362549800796,0.0156695156695156,0.0151410874053682,0.0140944326990838,0.0151410874053682,,0.0,0.0129701686121919,-0.0002667393105640001,-0.0002667393105640001,-0.0007951675747114011,-0.0007951675747114011,,,-0.0159362549800796,-0.002966086367887701,False,False,False,False,False,False,False,0.0089955022488755,0.0697674418604651,0.0089285714285714,0.063953488372093
expanded::GEO_GSE294759_GENERIC_H5AD_EXPANDED::21,expanded,GEO_GSE294759_GENERIC_H5AD_EXPANDED,21,156,101-500,0.0067704807041299,0.005661712668082,0.0056179775280898,0.0096618357487922,0.0071994240460763,,0.0042194092827004,0.0,-0.0011087680360479003,-0.004000123080710201,0.0004289433419464002,-0.0024624117027159005,,,-0.0025510714214295,-0.0067704807041299,False,False,False,False,False,False,False,0.003785011355034,0.032051282051282,0.0031821797931583,0.0256410256410256
expanded::GEO_GSE294759_GENERIC_H5AD_EXPANDED::22,expanded,GEO_GSE294759_GENERIC_H5AD_EXPANDED,22,142,101-500,0.0049710024855012,0.0085543199315654,0.0102389078498293,0.0034904013961605,0.0106194690265486,,0.0,0.0060240963855421,0.0035833174460642003,-0.0016845879182638985,0.005648466541047399,0.0003805611767193004,,,-0.0049710024855012,0.0010530939000408992,False,False,False,False,False,False,False,0.0028169014084507,0.0211267605633802,0.0048685491723466,0.0352112676056338
expanded::GEO_GSE294759_GENERIC_H5AD_EXPANDED::23,expanded,GEO_GSE294759_GENERIC_H5AD_EXPANDED,23,136,101-500,0.0100864553314121,0.0104712041884816,0.0104790419161676,0.0102790014684287,0.0088888888888888,,0.0066666666666666,0.0127388535031847,0.00038474885706949943,-7.83772768600012e-06,-0.0011975664425232999,-0.0015901530272787994,,,-0.0034197886647455,0.0026523981717726,False,False,False,False,False,False,False,0.005591054313099,0.0514705882352941,0.0058284762697751,0.0514705882352941
expanded::GEO_GSE294759_GENERIC_H5AD_EXPANDED::24,expanded,GEO_GSE294759_GENERIC_H5AD_EXPANDED,24,113,101-500,0.0069264069264069,0.0071813285457809,0.0071428571428571,0.0053619302949061,0.0070052539404553,,0.0182370820668693,0.0070422535211267,0.00025492161937399997,3.847140292380022e-05,7.884701404839954e-05,-0.00017607460532560043,,,0.0113106751404624,0.00011584659471979963,False,False,False,False,False,False,False,0.0038387715930902,0.0353982300884955,0.0039960039960039,0.0353982300884955
expanded::GEO_GSE294759_GENERIC_H5AD_EXPANDED::25,expanded,GEO_GSE294759_GENERIC_H5AD_EXPANDED,25,68,26-100,0.0143769968051118,0.014516129032258,0.0160384923817161,0.0154918667699457,0.0143426294820717,,0.010919017288444,0.0103626943005181,0.00013913222714619956,-0.0015223633494581019,-3.43673230401003e-05,-0.0016958628996444017,,,-0.0034579795166678005,-0.004014302504593699,False,False,False,False,False,False,False,0.0076013513513513,0.1323529411764706,0.007679180887372,0.1323529411764706
expanded::GEO_GSE294759_GENERIC_H5AD_EXPANDED::26,expanded,GEO_GSE294759_GENERIC_H5AD_EXPANDED,26,64,26-100,0.0,0.0,0.0,0.0,0.0,,0.0033955857385398,0.0,0.0,0.0,0.0,0.0,,,0.0033955857385398,0.0,False,False,False,False,False,False,False,0.0,0.0,0.0,0.0
expanded::GEO_GSE294759_GENERIC_H5AD_EXPANDED::27,expanded,GEO_GSE294759_GENERIC_H5AD_EXPANDED,27,63,26-100,0.0014716703458425,0.0016260162601626,0.0015898251192368,0.0014566642388929,0.0015349194167306,,0.0041407867494824,0.0026212319790301,0.00015434591432010006,3.61911409258002e-05,6.324907088809989e-05,-9.109684343200017e-05,,,0.0026691164036399,0.0011495616331876,False,False,False,False,False,False,False,0.0007716049382716,0.0158730158730158,0.0008568980291345,0.0158730158730158
expanded::GEO_GSE294759_GENERIC_H5AD_EXPANDED::28,expanded,GEO_GSE294759_GENERIC_H5AD_EXPANDED,28,60,26-100,0.0022896393817973,0.0026178010471204,0.0025380710659898,0.0037128712871287,0.0037174721189591,,0.0,0.0014792899408284,0.0003281616653231,-0.0010950702400083002,0.0014278327371617999,4.6008318303997035e-06,,,-0.0022896393817973,-0.0008103494409689,False,False,False,False,False,False,False,0.0011855364552459,0.0333333333333333,0.0013623978201634,0.0333333333333333
expanded::GEO_GSE294759_GENERIC_H5AD_EXPANDED::29,expanded,GEO_GSE294759_GENERIC_H5AD_EXPANDED,29,48,26-100,0.0030395136778115,0.0032414910858995,0.0031496062992125,0.0,0.0031152647975077,,0.0024937655860349,0.0060975609756097,0.00020197740808800034,9.188478668700024e-05,7.57511196962002e-05,-0.00012622628839180014,,,-0.0005457480917765998,0.0030580472977982,False,False,False,False,False,False,False,0.001639344262295,0.0208333333333333,0.0017574692442882,0.0208333333333333
expanded::GEO_GSE294759_GENERIC_H5AD_EXPANDED::3,expanded,GEO_GSE294759_GENERIC_H5AD_EXPANDED,3,2500,>1000,0.0153727901614142,0.0161228406909788,0.0123219098960338,0.015267175572519,0.0153433064825469,,0.0007836990595611,0.0031608060055314,0.0007500505295646009,0.0007500505295646009,-2.9483678867301202e-05,-0.0007795342084319021,,,-0.0145890911018531,-0.0122119841558828,False,False,False,False,False,False,False,0.196078431372549,0.008,0.2,0.0084
expanded::GEO_GSE294759_GENERIC_H5AD_EXPANDED::30,expanded,GEO_GSE294759_GENERIC_H5AD_EXPANDED,30,45,26-100,0.0026075619295958,0.0026420079260237,0.0039920159680638,0.0041465100207325,0.0026936026936026,,0.0016792611251049,0.0033528918692372,3.444599642789996e-05,-0.0015045020947087998,8.60407640068e-05,-0.0014529073271298998,,,-0.0009283008044909001,0.0007453299396413997,False,False,False,False,False,False,False,0.0013431833445265,0.0444444444444444,0.001361470388019,0.0444444444444444
expanded::GEO_GSE294759_GENERIC_H5AD_EXPANDED::31,expanded,GEO_GSE294759_GENERIC_H5AD_EXPANDED,31,40,26-100,0.0,0.0,0.0,0.0,0.0,,0.0022296544035674,0.0,0.0,0.0,0.0,0.0,,,0.0022296544035674,0.0,False,False,False,False,False,False,False,0.0,0.0,0.0,0.0
expanded::GEO_GSE294759_GENERIC_H5AD_EXPANDED::32,expanded,GEO_GSE294759_GENERIC_H5AD_EXPANDED,32,25,1-25,0.0026385224274406,0.0042372881355932,0.0041407867494824,0.0041811846689895,0.0027510316368638,,0.0047590719809637,0.0041551246537396,0.0015987657081526002,5.610346660370018e-05,0.00011250920942319992,-0.0014862564987294003,,,0.0021205495535231,0.001516602226299,False,False,False,False,False,False,False,0.0013413816230717,0.08,0.00215672178289,0.12
expanded::GEO_GSE294759_GENERIC_H5AD_EXPANDED::4,expanded,GEO_GSE294759_GENERIC_H5AD_EXPANDED,4,2500,>1000,0.0663023679417122,0.0655260283946123,0.0674646354733405,0.0473684210526315,0.0660856935366739,,0.4641493423843869,0.3816449348044132,-0.0007763395470998941,-0.0019386070787281995,-0.0002166744050382946,-0.0013789419366666,,,0.3978469744426747,0.315342566862701,False,False,False,False,False,False,False,0.3714285714285714,0.0364,0.3643724696356275,0.036
expanded::GEO_GSE294759_GENERIC_H5AD_EXPANDED::5,expanded,GEO_GSE294759_GENERIC_H5AD_EXPANDED,5,2500,>1000,0.0404709345106696,0.0427570954662734,0.0433664094083057,0.0670194003527336,0.0448364571848585,,0.0294621445700582,0.0235562310030395,0.0022861609556038,-0.024262304886460202,0.004365522674188903,-0.0221829431678751,,,-0.011008789940611396,-0.016914703507630097,False,False,False,False,False,False,False,0.2522935779816513,0.022,0.272300469483568,0.0232
expanded::GEO_GSE294759_GENERIC_H5AD_EXPANDED::6,expanded,GEO_GSE294759_GENERIC_H5AD_EXPANDED,6,2500,>1000,0.4680073126142596,0.4582836710369486,0.4536555521566228,0.4386263175790548,0.4594053304575566,,0.3993923024983119,0.4352341571304933,-0.009723641577310982,-0.009723641577310982,-0.008601982156702992,-0.008601982156702992,,,-0.06861501011594767,-0.0327731554837663,False,False,False,False,False,False,False,0.4003411998862667,0.5632,0.3651471984805318,0.6152
expanded::GEO_GSE294759_GENERIC_H5AD_EXPANDED::7,expanded,GEO_GSE294759_GENERIC_H5AD_EXPANDED,7,2500,>1000,0.1798804263062126,0.1898340248962655,0.1918230907688351,0.1847995835502342,0.1831022756997123,,0.0118623962040332,0.161609907120743,0.009953598590052903,-0.001989065872569612,0.003221849393499704,-0.008720815069122811,,,-0.1680180301021794,-0.018270519185469597,False,False,False,False,False,False,False,0.2568671121009651,0.1384,0.2699115044247787,0.1464
expanded::GEO_GSE294759_GENERIC_H5AD_EXPANDED::8,expanded,GEO_GSE294759_GENERIC_H5AD_EXPANDED,8,2500,>1000,0.2502758772897815,0.2499455693446549,0.2490272373540855,0.2684455225389124,0.2512931034482758,,0.0,0.0007415647015202,-0.00033030794512661776,-0.018499953194257512,0.001017226158494311,-0.017152419090636584,,,-0.2502758772897815,-0.2495343125882613,False,False,False,False,False,False,False,0.2791728212703102,0.2268,0.2742474916387959,0.2296
expanded::GEO_GSE294759_GENERIC_H5AD_EXPANDED::9,expanded,GEO_GSE294759_GENERIC_H5AD_EXPANDED,9,2500,>1000,0.0747087045921864,0.0747087045921864,0.0751109593717992,0.0797566745522135,0.0779753761969904,,0.3037330316742081,0.353030303030303,0.0,-0.005047969960027099,0.0032666716048039973,-0.0017812983552231015,,,0.22902432708202172,0.27832159843811666,False,False,False,False,False,False,False,0.2607655502392344,0.0436,0.2607655502392344,0.0436
expanded::GEO_GSE301435_GENERIC_COSMX_CSV_EXPANDED::PBN_latdor_med1,expanded,GEO_GSE301435_GENERIC_COSMX_CSV_EXPANDED,PBN_latdor_med1,2500,>1000,0.378698224852071,0.3772261198057204,0.3761467889908257,0.4194174757281553,0.3783783783783784,,0.3440974060349391,0.4463320463320463,-0.0014721050463505914,-0.04219135592243489,-0.00031984647369259767,-0.0410390973497769,,,-0.034600818817131895,0.06763382147997532,False,False,False,False,False,False,False,0.5779967159277504,0.2816,0.5796019900497512,0.2796
expanded::GEO_GSE301435_GENERIC_COSMX_CSV_EXPANDED::PBN_latdor_med2,expanded,GEO_GSE301435_GENERIC_COSMX_CSV_EXPANDED,PBN_latdor_med2,2500,>1000,0.6050925925925926,0.6025104602510459,0.6026443980514962,0.5776069197501201,0.6093749999999999,,0.4955509924709103,0.6214811606756171,-0.0025821323415466946,-0.0025821323415466946,0.004282407407407263,0.004282407407407263,,,-0.10954160012168235,0.01638856808302447,False,False,False,False,False,False,False,0.7181318681318681,0.5228,0.7192008879023307,0.5184
expanded::GEO_GSE301435_GENERIC_COSMX_CSV_EXPANDED::PBN_latven,expanded,GEO_GSE301435_GENERIC_COSMX_CSV_EXPANDED,PBN_latven,2500,>1000,0.7231143552311435,0.7202233250620346,0.7120124804992201,0.7582049564634964,0.7133084577114428,,0.5478865703584805,0.7475089302500472,-0.0028910301691089657,-0.037981631401461824,-0.009805897519700735,-0.04489649875205359,,,-0.175227784872663,0.02439457501890363,False,False,False,False,False,False,False,0.6081855388813097,0.8916,0.5881458966565349,0.9288
expanded::GEO_GSE301435_GENERIC_COSMX_CSV_EXPANDED::PBN_latven_med,expanded,GEO_GSE301435_GENERIC_COSMX_CSV_EXPANDED,PBN_latven_med,2500,>1000,0.3442485306465155,0.3440920572551221,0.3385738349241999,0.3225991949396204,0.334274421230943,,0.1397949673811742,0.3256594724220623,-0.000156473391393408,-0.000156473391393408,-0.00997410941557253,-0.00997410941557253,,,-0.2044535632653413,-0.018589058224453225,False,False,False,False,False,False,False,0.5731593662628145,0.246,0.5766698024459078,0.2452
expanded::GEO_GSE301435_GENERIC_COSMX_CSV_EXPANDED::a.new,expanded,GEO_GSE301435_GENERIC_COSMX_CSV_EXPANDED,a.new,1363,>1000,0.6032219570405728,0.6069946650859513,0.6071216617210682,0.5921361502347416,0.600888888888889,,0.3068965517241379,0.5542168674698795,0.0037727080453785478,-0.00012699663511683834,-0.0023330681516837704,-0.0062327728321791565,,,-0.2963254053164349,-0.04900508957069327,False,False,False,False,False,False,False,0.5082956259426847,0.7417461482024945,0.5091994032819492,0.7512839325018342
expanded::GEO_GSE301435_GENERIC_COSMX_CSV_EXPANDED::b,expanded,GEO_GSE301435_GENERIC_COSMX_CSV_EXPANDED,b,2500,>1000,0.7585675779745861,0.7809752198241406,0.7771428571428571,0.7713455953533398,0.769835035349568,,0.4205794205794205,0.7790174202387943,0.02240764184955457,0.0038323626812835077,0.011267457374981915,-0.011140184474572656,,,-0.3379881573951656,0.020449842264208207,False,False,False,True,False,True,False,0.7312546399406088,0.788,0.7803514376996805,0.7816
expanded::GEO_GSE301435_GENERIC_COSMX_CSV_EXPANDED::c,expanded,GEO_GSE301435_GENERIC_COSMX_CSV_EXPANDED,c,2500,>1000,0.8029389600602865,0.8085908063300677,0.8007561436672966,0.8084624102757839,0.8016893837588789,,0.3699002719854941,0.7921126760563382,0.005651846269781213,0.00012839605428383027,-0.001249576301407651,-0.006901422571188864,,,-0.43303868807479245,-0.010826284003948361,False,False,False,False,False,False,False,0.7589031339031339,0.8524,0.7642450142450142,0.8584
expanded::GEO_GSE301435_GENERIC_COSMX_CSV_EXPANDED::d,expanded,GEO_GSE301435_GENERIC_COSMX_CSV_EXPANDED,d,2495,>1000,0.6537463757057836,0.6339427090830574,0.636337039204213,0.6534355735979551,0.6454789615040286,,0.3082054703135424,0.6958048095488854,-0.019803666622726257,-0.019803666622726257,-0.00826741420175503,-0.00826741420175503,,,-0.34554090539224125,0.042058433843101706,False,False,False,False,True,False,False,0.5278462296697881,0.8585170340681363,0.4946091644204852,0.8825651302605211
expanded::GEO_GSE301435_GENERIC_COSMX_CSV_EXPANDED::e,expanded,GEO_GSE301435_GENERIC_COSMX_CSV_EXPANDED,e,1985,>1000,0.800578034682081,0.7392528627745448,0.7247232472324725,0.806269592476489,0.7516239969430646,,0.5084745762711864,0.8174853537629562,-0.06132517190753617,-0.06701672970194417,-0.04895403773901641,-0.05464559553342441,,,-0.2921034584108946,0.01690731908087517,False,False,False,False,True,False,True,0.6782091640433718,0.9768261964735516,0.5891681627767804,0.9919395465994962
expanded::GEO_GSE301435_GENERIC_COSMX_CSV_EXPANDED::f,expanded,GEO_GSE301435_GENERIC_COSMX_CSV_EXPANDED,f,1307,>1000,0.7795180722891565,0.7780101583507618,0.763049853372434,0.8085106382978724,0.7710986082321587,,0.4419825072886296,0.8422575976845152,-0.0015079139383946671,-0.03050047994711058,-0.008419464056997783,-0.0374120300657137,,,-0.3375355650005269,0.06273952539535876,False,False,False,False,False,False,False,0.6428216592151018,0.990053557765876,0.638235294117647,0.9961744452945676
expanded::GEO_GSE301435_GENERIC_COSMX_CSV_EXPANDED::g_1,expanded,GEO_GSE301435_GENERIC_COSMX_CSV_EXPANDED,g_1,2500,>1000,0.4422009086320039,0.4558749369641956,0.4544770504138449,0.4576567574319261,0.4429667519181585,,0.0531102218988723,0.2784810126582278,0.013674028332191723,-0.001781820467730455,0.0007658432861545883,-0.01469000551376759,,,-0.3890906867331316,-0.16371989597377612,False,False,False,True,False,False,False,0.5991792065663475,0.3504,0.616643929058663,0.3616
expanded::GEO_GSE301435_GENERIC_COSMX_CSV_EXPANDED::g_2,expanded,GEO_GSE301435_GENERIC_COSMX_CSV_EXPANDED,g_2,2500,>1000,0.589248923019292,0.5905083474019883,0.5853475735431891,0.5852359208523592,0.5851740921003369,,0.4003134796238244,0.5656862745098039,0.001259424382696328,0.001259424382696328,-0.004074830918955108,-0.005334255301651436,,,-0.18893544339546758,-0.023562648509488082,False,False,False,False,False,False,False,0.5540683339203945,0.6292,0.555987283645355,0.6296
expanded::GEO_GSE301435_GENERIC_COSMX_CSV_EXPANDED::g_3,expanded,GEO_GSE301435_GENERIC_COSMX_CSV_EXPANDED,g_3,2500,>1000,0.4643711142993783,0.4602327837051407,0.4649230017110731,0.4530038759689922,0.4551390568319226,,0.1842316975060337,0.379068047337278,-0.0041383305942375714,-0.0046902180059323895,-0.009232057467455701,-0.009783944879150519,,,-0.2801394167933446,-0.08530306696210027,False,False,False,False,False,False,False,0.5772889417360285,0.3884,0.5843596059113301,0.3796
expanded::GEO_GSE301435_GENERIC_COSMX_CSV_EXPANDED::h,expanded,GEO_GSE301435_GENERIC_COSMX_CSV_EXPANDED,h,2500,>1000,0.5913293610026711,0.5921811578722496,0.589694248449861,0.5957264957264956,0.5899431937723543,,0.0597805524025728,0.5635476342032676,0.0008517968695784806,-0.0035453378542460445,-0.0013861672303168149,-0.00578330195414134,,,-0.5315488086000982,-0.027781726799403494,False,False,False,False,False,False,False,0.6079425433037601,0.5756,0.6354883081155434,0.5544
expanded::GEO_GSE301435_GENERIC_COSMX_CSV_EXPANDED::i,expanded,GEO_GSE301435_GENERIC_COSMX_CSV_EXPANDED,i,2500,>1000,0.6750371716504213,0.6870229007633588,0.6843853820598006,0.6748625040439986,0.6771679655115238,,0.5623497080041223,0.6698700836447767,0.011985729112937493,0.002637518703558217,0.002130793861102487,-0.009854935251835006,,,-0.112687463646299,-0.005167088005644582,False,False,False,True,False,False,False,0.575007036307346,0.8172,0.5870674985819626,0.828
expanded::GEO_GSE301435_GENERIC_COSMX_CSV_EXPANDED::j,expanded,GEO_GSE301435_GENERIC_COSMX_CSV_EXPANDED,j,2500,>1000,0.6366684312687488,0.6413780465457211,0.639485766758494,0.6380836660302031,0.6380279137212254,,0.42680608365019,0.6465098917506532,0.004709615276972223,0.001892279787227058,0.0013594824524765237,-0.0033501328244956996,,,-0.20986234761855882,0.009841460481904374,False,False,False,False,False,False,False,0.569624250078939,0.7216,0.5918160297598918,0.7
expanded::GEO_GSE301435_GENERIC_COSMX_CSV_EXPANDED::k,expanded,GEO_GSE301435_GENERIC_COSMX_CSV_EXPANDED,k,2500,>1000,0.5382877228219936,0.5993095512082854,0.5846225972808252,0.5206301575393848,0.5828889404127058,,0.242368177613321,0.5246636771300448,0.06102182838629189,0.014686953927460222,0.04460121759071223,-0.01642061079557966,,,-0.2959195452086726,-0.01362404569194875,True,False,False,True,False,True,False,0.7228590694538098,0.4288,0.7056910569105691,0.5208
expanded::GEO_GSE301435_GENERIC_COSMX_CSV_EXPANDED::l,expanded,GEO_GSE301435_GENERIC_COSMX_CSV_EXPANDED,l,2500,>1000,0.4404119666503188,0.4338308457711443,0.4287848605577689,0.4458724666337123,0.432994798117414,,0.131578947368421,0.4263645726055613,-0.006581120879174507,-0.012041620862568048,-0.007417168532904805,-0.012877668516298346,,,-0.30883301928189777,-0.014047394044757466,False,False,False,False,False,False,False,0.5690747782002535,0.3592,0.5736842105263158,0.3488
expanded::GEO_GSE301435_GENERIC_COSMX_CSV_EXPANDED::m,expanded,GEO_GSE301435_GENERIC_COSMX_CSV_EXPANDED,m,2500,>1000,0.7467422096317281,0.7683183470441936,0.7557178550836057,0.7675906183368871,0.7468477206595537,,0.2647420147420147,0.7148563819669013,0.021576137412465446,0.0007277287073064187,0.00010551102782563326,-0.021470626384639813,,,-0.4820001948897134,-0.03188582766482684,False,False,False,True,False,False,False,0.7073345259391771,0.7908,0.7363403006967364,0.8032
expanded::GEO_GSE301435_GENERIC_COSMX_CSV_EXPANDED::n,expanded,GEO_GSE301435_GENERIC_COSMX_CSV_EXPANDED,n,686,501-1000,0.5413808870598994,0.5754545454545454,0.5916279069767442,0.5719696969696969,0.5324444444444445,,0.1646727656579873,0.4813432835820895,0.034073658394646045,-0.016173361522198726,-0.008936442615454898,-0.05918346253229967,,,-0.3767081214019121,-0.0600376034778099,False,False,False,True,False,False,False,0.3944037308461026,0.8629737609329446,0.4180977542932629,0.922740524781341
expanded::GEO_GSE301435_GENERIC_COSMX_CSV_EXPANDED::o,expanded,GEO_GSE301435_GENERIC_COSMX_CSV_EXPANDED,o,2500,>1000,0.3514881554970642,0.347636680461773,0.344812925170068,0.3463118763451379,0.3362483602973327,,0.0055577610162762,0.2713257965056526,-0.0038514750352912075,-0.0038514750352912075,-0.01523979519973151,-0.01523979519973151,,,-0.345930394480788,-0.08016235899141161,False,False,False,False,False,False,True,0.3558835588355883,0.3472,0.381635581061693,0.3192
expanded::GEO_GSE301435_GENERIC_COSMX_CSV_EXPANDED::p,expanded,GEO_GSE301435_GENERIC_COSMX_CSV_EXPANDED,p,2500,>1000,0.8506505405900677,0.856317689530686,0.8550698349356067,0.8320278503046127,0.8516152582588065,,0.6830188679245284,0.8523241464417934,0.005667148940618261,0.0012478545950792563,0.0009647176687387349,-0.004702431271879526,,,-0.16763167266553936,0.0016736058517257124,False,False,False,False,False,False,False,0.7849171457558336,0.9284,0.7802631578947369,0.9488
expanded::GEO_GSE301435_GENERIC_COSMX_CSV_EXPANDED::q,expanded,GEO_GSE301435_GENERIC_COSMX_CSV_EXPANDED,q,101,101-500,0.0896582334664891,0.1194559432288586,0.118491921005386,0.1081949651847884,0.1072186836518046,,0.1630347054075867,0.0600297176820208,0.029797709762369493,0.0009640222234725965,0.017560450185315504,-0.012237259577053988,,,0.07337647194109759,-0.029628515784468304,False,False,False,True,False,True,False,0.0469330855018587,1.0,0.0635220125786163,1.0
expanded::GEO_GSE301435_GENERIC_COSMX_CSV_EXPANDED::s,expanded,GEO_GSE301435_GENERIC_COSMX_CSV_EXPANDED,s,2500,>1000,0.7008466603951081,0.7081229921982561,0.7005214237134436,0.7223214285714287,0.7069472731387192,,0.3036669970267592,0.633012444235736,0.007276331803148017,-0.01419843637317253,0.006100612743611067,-0.01537415543270948,,,-0.3971796633683489,-0.06783421615937213,False,False,False,False,False,False,False,0.8504566210045662,0.596,0.8304628632938643,0.6172
expanded::GEO_GSE301435_GENERIC_COSMX_CSV_EXPANDED::sst_major,expanded,GEO_GSE301435_GENERIC_COSMX_CSV_EXPANDED,sst_major,2500,>1000,0.3658712942877801,0.364924279433317,0.3667157584683357,0.3695042095416277,0.3644422556020684,,0.3808466000246822,0.4992181391712275,-0.0009470148544630796,-0.004579930108310704,-0.0014290386857117032,-0.005061953939559327,,,0.01497530573690209,0.1333468448834474,False,False,False,False,False,False,False,0.4602789569436021,0.3036,0.4686323713927227,0.2988
expanded::GEO_GSE301435_GENERIC_COSMX_CSV_EXPANDED::t,expanded,GEO_GSE301435_GENERIC_COSMX_CSV_EXPANDED,t,2500,>1000,0.2269553072625698,0.2388677942699343,0.2487153134635149,0.2100070472163495,0.2694125590817015,,0.526524541398116,0.339413680781759,0.011912487007364497,-0.009847519193580595,0.04245725181913168,0.020697245618186588,,,0.2995692341355462,0.11245837351918919,False,True,False,True,False,True,False,0.8928571428571429,0.13,0.871536523929471,0.1384
expanded::GEO_GSE302502_XENIUM_GLIOMA_TLS_EXPANDED::B cell,expanded,GEO_GSE302502_XENIUM_GLIOMA_TLS_EXPANDED,B cell,2500,>1000,0.8115152694028399,0.8092914308022644,0.80258266484054,0.8022665103556077,0.8124151309408342,,0.8435595286468915,0.838337641678266,-0.0022238386005755117,-0.0022238386005755117,0.000899861537994262,0.000899861537994262,,,0.03204425924405163,0.026822372275426054,False,False,False,False,False,False,False,0.7898523286633851,0.8344,0.7903164315669081,0.8292
expanded::GEO_GSE302502_XENIUM_GLIOMA_TLS_EXPANDED::DC,expanded,GEO_GSE302502_XENIUM_GLIOMA_TLS_EXPANDED,DC,2500,>1000,0.5317006802721089,0.5421816227834497,0.5354838709677419,0.5493447445841134,0.5437466451959205,,0.4688747944561898,0.5374061610147554,0.010480942511340796,-0.0071631218006636965,0.012045964923811603,-0.00559809938819289,,,-0.06282588581591914,0.005705480742646429,False,False,False,True,False,True,False,0.8314893617021276,0.3908,0.82569558101473,0.4036
expanded::GEO_GSE302502_XENIUM_GLIOMA_TLS_EXPANDED::T cell,expanded,GEO_GSE302502_XENIUM_GLIOMA_TLS_EXPANDED,T cell,2500,>1000,0.7029331514324693,0.706267217630854,0.701838803918199,0.7068578338227673,0.6995515695067265,,0.691328695061938,0.7072385150025428,0.003334066198384722,-0.0005906161919133623,-0.0033815819257427826,-0.007306264316040867,,,-0.011604456370531313,0.004305363570073495,False,False,False,False,False,False,False,0.6126634958382877,0.8244,0.6200120918984281,0.8204
expanded::GEO_GSE302502_XENIUM_GLIOMA_TLS_EXPANDED::astrocyte,expanded,GEO_GSE302502_XENIUM_GLIOMA_TLS_EXPANDED,astrocyte,2500,>1000,0.79121314070849,0.8072144288577153,0.7910388580491672,0.795423160386664,0.7934609250398725,,0.7873337080756979,0.8619264158743283,0.0160012881492253,0.011791268471051275,0.0022477843313825074,-0.013753503817842794,,,-0.0038794326327921125,0.07071327516583825,True,False,False,True,False,False,False,0.7830003916960439,0.7996,0.8088353413654619,0.8056
expanded::GEO_GSE302502_XENIUM_GLIOMA_TLS_EXPANDED::endothelial,expanded,GEO_GSE302502_XENIUM_GLIOMA_TLS_EXPANDED,endothelial,2500,>1000,0.8049223320556789,0.8104653485120831,0.7954866008462622,0.8114770660739543,0.8076692630317556,,0.7336898395721925,0.795128658416814,0.005543016456404204,-0.0010117175618712393,0.0027469309760767002,-0.003807803042198743,,,-0.0712324924834864,-0.009793673638864853,False,False,False,False,False,False,False,0.811965811965812,0.798,0.8093338651775029,0.8116
expanded::GEO_GSE302502_XENIUM_GLIOMA_TLS_EXPANDED::fibroblast,expanded,GEO_GSE302502_XENIUM_GLIOMA_TLS_EXPANDED,fibroblast,2500,>1000,0.6406021325527912,0.6513004863607528,0.642482700775844,0.6483676440008318,0.6409495548961425,,0.4221835075493612,0.6385850593437282,0.01069835380796158,0.002932842359920973,0.000347422343351278,-0.010350931464610302,,,-0.21841862500343,-0.0020170732090629695,False,False,False,True,False,False,False,0.6710468681559352,0.6128,0.6908927770300584,0.616
expanded::GEO_GSE302502_XENIUM_GLIOMA_TLS_EXPANDED::macrophage,expanded,GEO_GSE302502_XENIUM_GLIOMA_TLS_EXPANDED,macrophage,2500,>1000,0.6863593603010348,0.679324894514768,0.6789653860783568,0.6764091858037578,0.6829640947288006,,0.5546636085626911,0.6717246484085863,-0.007034465786266875,-0.007034465786266875,-0.0033952655722342406,-0.0033952655722342406,,,-0.1316957517383437,-0.014634711892448582,False,False,False,False,False,False,False,0.6479573712255773,0.7296,0.652542372881356,0.7084
expanded::GEO_GSE302502_XENIUM_GLIOMA_TLS_EXPANDED::monocyte,expanded,GEO_GSE302502_XENIUM_GLIOMA_TLS_EXPANDED,monocyte,1070,>1000,0.6386991869918699,0.6520292747837657,0.6309291747888238,0.6678082191780821,0.6433931484502446,,0.3972817564035546,0.5170105967651979,0.013330087791895817,-0.015778944394316374,0.004693961458374751,-0.02441507072783744,,,-0.24141743058831527,-0.121688590226672,False,False,False,True,False,False,False,0.4897755610972568,0.9177570093457944,0.506198347107438,0.9158878504672896
expanded::GEO_GSE302502_XENIUM_GLIOMA_TLS_EXPANDED::mural,expanded,GEO_GSE302502_XENIUM_GLIOMA_TLS_EXPANDED,mural,2500,>1000,0.8023337222870479,0.8171402383134739,0.7980387578799907,0.8128735632183909,0.8113553113553114,,0.6903378523778781,0.7929574325830177,0.01480651602642602,0.00426667509508305,0.009021589068263447,-0.005784926958162573,,,-0.11199586990916977,-0.00937628970403026,False,False,False,True,False,False,False,0.9630252100840336,0.6876,0.9565450643776824,0.7132
expanded::GEO_GSE302502_XENIUM_GLIOMA_TLS_EXPANDED::plasma cell,expanded,GEO_GSE302502_XENIUM_GLIOMA_TLS_EXPANDED,plasma cell,2500,>1000,0.7796474358974359,0.7792157620243385,0.7756624141315015,0.7780811232449298,0.7741041377944962,,0.6918429003021148,0.7843306069737408,-0.00043167387309739347,-0.00043167387309739347,-0.005543298102939742,-0.005543298102939742,,,-0.08780453559532109,0.004683171076304893,False,False,False,False,False,False,False,0.7808988764044944,0.7784,0.7534553604781472,0.8068
expanded::GEO_GSE305393_GENERIC_COSMX_CSV_EXPANDED::Astrocyte,expanded,GEO_GSE305393_GENERIC_COSMX_CSV_EXPANDED,Astrocyte,685,501-1000,0.7712177121771218,0.7616766467065869,0.7575938058368076,0.7520858164481525,0.7629494210847045,,0.6467432950191571,0.7824967824967826,-0.009541065470534904,-0.009541065470534904,-0.008268291092417224,-0.008268291092417224,,,-0.1244744171579647,0.0112790703196608,False,False,False,False,False,False,False,0.6663124335812965,0.9153284671532846,0.6456852791878173,0.9284671532846716
expanded::GEO_GSE305393_GENERIC_COSMX_CSV_EXPANDED::Astroglial,expanded,GEO_GSE305393_GENERIC_COSMX_CSV_EXPANDED,Astroglial,340,101-500,0.417536534446764,0.4867469879518072,0.4897466827503015,0.3903903903903904,0.4709976798143851,,0.2975557917109458,0.4611398963730569,0.06921045350504323,-0.002999694798494268,0.05346114536762114,-0.01874900293591636,,,-0.11998074273581816,0.04360336192629294,False,False,False,True,False,True,False,0.3236245954692556,0.5882352941176471,0.4122448979591837,0.5941176470588235
expanded::GEO_GSE305393_GENERIC_COSMX_CSV_EXPANDED::CD4 T,expanded,GEO_GSE305393_GENERIC_COSMX_CSV_EXPANDED,CD4 T,51,26-100,0.0324825986078886,0.0242130750605326,0.0292682926829268,0.0389294403892944,0.03125,,0.0271739130434782,0.0428571428571428,-0.008269523547356002,-0.014716365328761798,-0.001232598607888602,-0.007679440389294398,,,-0.005308685564410401,0.0103745442492542,False,False,False,False,False,False,False,0.0184210526315789,0.1372549019607843,0.0138121546961325,0.0980392156862745
expanded::GEO_GSE305393_GENERIC_COSMX_CSV_EXPANDED::CD8 T,expanded,GEO_GSE305393_GENERIC_COSMX_CSV_EXPANDED,CD8 T,61,26-100,0.0313479623824451,0.0299500831946755,0.0303541315345699,0.0296052631578947,0.0267558528428093,,0.0102301790281329,0.0144578313253012,-0.0013978791877696031,-0.0013978791877696031,-0.004592109539635802,-0.004592109539635802,,,-0.021117783354312206,-0.016890131057143903,False,False,False,False,False,False,False,0.0173310225303292,0.1639344262295081,0.0166666666666666,0.1475409836065573
expanded::GEO_GSE305393_GENERIC_COSMX_CSV_EXPANDED::DC,expanded,GEO_GSE305393_GENERIC_COSMX_CSV_EXPANDED,DC,240,101-500,0.1974895397489539,0.2031905961376994,0.2017094017094017,0.1969080553295362,0.196078431372549,,0.0856423173803526,0.2021772939346811,0.005701056388745518,0.0014811944282977219,-0.0014111083764049015,-0.007112164765150419,,,-0.11184722236860128,0.0046877541857272,False,False,False,False,False,False,False,0.1235602094240837,0.4916666666666666,0.1272344900105152,0.5041666666666667
expanded::GEO_GSE305393_GENERIC_COSMX_CSV_EXPANDED::EC,expanded,GEO_GSE305393_GENERIC_COSMX_CSV_EXPANDED,EC,1166,>1000,0.6684782608695653,0.6923429619440623,0.6857406552838025,0.6799097065462755,0.6832804712279111,,0.4778613199665831,0.614779186707477,0.023864701074497008,0.006602306660259849,0.014802210358345835,-0.009062490716151173,,,-0.1906169409029822,-0.0536990741620883,False,False,False,True,False,True,False,0.708253358925144,0.6329331046312179,0.7438423645320197,0.6475128644939966
expanded::GEO_GSE305393_GENERIC_COSMX_CSV_EXPANDED::Erythrocyte,expanded,GEO_GSE305393_GENERIC_COSMX_CSV_EXPANDED,Erythrocyte,109,101-500,0.2354312354312354,0.2689747003994674,0.2679045092838196,0.2200435729847494,0.2478314745972738,,0.2876712328767123,0.2286374133949192,0.03354346496823202,0.0010701911156478228,0.012400239166038413,-0.021143225802193605,,,0.052239997445476916,-0.006793822036316205,False,False,False,True,False,True,False,0.1348464619492657,0.926605504587156,0.1573208722741433,0.926605504587156
expanded::GEO_GSE305393_GENERIC_COSMX_CSV_EXPANDED::Erythrocytes,expanded,GEO_GSE305393_GENERIC_COSMX_CSV_EXPANDED,Erythrocytes,58,26-100,0.0043478260869565,0.0469314079422382,0.0493827160493827,0.0177514792899408,0.0387596899224806,,0.0851063829787234,0.003976143141153,0.0425835818552817,-0.002451308107144501,0.034411863835524095,-0.0106230261269021,,,0.0807585568917669,-0.00037168294580350054,False,False,False,True,False,True,False,0.0024875621890547,0.0172413793103448,0.0262096774193548,0.2241379310344827
expanded::GEO_GSE305393_GENERIC_COSMX_CSV_EXPANDED::MSC-like,expanded,GEO_GSE305393_GENERIC_COSMX_CSV_EXPANDED,MSC-like,2500,>1000,0.6564617314930992,0.6499493414387031,0.6525037936267072,0.6699702675916749,0.6507856056766346,,0.3264649066323245,0.5848903330625508,-0.006512390054396078,-0.020020926152971796,-0.0056761258164645945,-0.019184661915040313,,,-0.32999682486077464,-0.07157139843054838,False,False,False,False,False,False,False,0.8808080808080808,0.5232,0.886049723756906,0.5132
expanded::GEO_GSE305393_GENERIC_COSMX_CSV_EXPANDED::Mac,expanded,GEO_GSE305393_GENERIC_COSMX_CSV_EXPANDED,Mac,2500,>1000,0.5298963592878023,0.5448257515296621,0.5485926712692512,0.512030278453636,0.5392364793213149,,0.5050675675675675,0.5803802938634399,0.01492939224185974,-0.003766919739589092,0.009340120033512589,-0.009356191947936243,,,-0.024828791720234777,0.0504839345756376,False,False,False,True,False,False,False,0.7893903404592241,0.3988,0.8133439237490071,0.4096
expanded::GEO_GSE305393_GENERIC_COSMX_CSV_EXPANDED::Mac/Mic,expanded,GEO_GSE305393_GENERIC_COSMX_CSV_EXPANDED,Mac/Mic,2325,>1000,0.5852620377760043,0.6285411702409319,0.6281645569620253,0.5761099365750528,0.615713522180652,,0.427408768705697,0.5142083897158323,0.04327913246492765,0.00037661327890659013,0.030451484404647733,-0.012827648060279917,,,-0.15785326907030728,-0.071053648060172,False,False,False,True,False,True,False,0.7670850767085077,0.4731182795698925,0.8174931129476584,0.5105376344086021
expanded::GEO_GSE305393_GENERIC_COSMX_CSV_EXPANDED::Mural,expanded,GEO_GSE305393_GENERIC_COSMX_CSV_EXPANDED,Mural,1155,>1000,0.6221079691516709,0.6300768386388583,0.6308032424465733,0.6245353159851301,0.6255889815150417,,0.4580152671755725,0.587117839121401,0.007968869487187447,-0.0007264038077149371,0.003481012363370839,-0.005214260931531545,,,-0.16409270197609838,-0.03499013003026985,False,False,False,False,False,False,False,0.5401785714285714,0.7333333333333333,0.5456273764258555,0.7454545454545455
expanded::GEO_GSE305393_GENERIC_COSMX_CSV_EXPANDED::NK,expanded,GEO_GSE305393_GENERIC_COSMX_CSV_EXPANDED,NK,126,101-500,0.0877914951989026,0.0942857142857142,0.0984528832630098,0.0914127423822714,0.0905349794238683,,0.0681362725450901,0.1265822784810126,0.006494219086811595,-0.004167168977295604,0.002743484224965703,-0.007917903839141496,,,-0.019655222653812504,0.03879078328211001,False,False,False,False,False,False,False,0.0530679933665008,0.2539682539682539,0.0574912891986062,0.2619047619047619
expanded::GEO_GSE305393_GENERIC_COSMX_CSV_EXPANDED::Neuron,expanded,GEO_GSE305393_GENERIC_COSMX_CSV_EXPANDED,Neuron,413,101-500,0.7099903006789524,0.6988636363636364,0.7018867924528303,0.6906740535549399,0.703739213806328,,0.578992314261315,0.6991565135895033,-0.01112666431531606,-0.01112666431531606,-0.006251086872624434,-0.006251086872624434,,,-0.13099798641763738,-0.010833787089449154,False,False,False,False,True,False,False,0.5922330097087378,0.8861985472154964,0.5738724727838258,0.8934624697336562
expanded::GEO_GSE305393_GENERIC_COSMX_CSV_EXPANDED::Neutrophil,expanded,GEO_GSE305393_GENERIC_COSMX_CSV_EXPANDED,Neutrophil,144,101-500,0.1267080745341615,0.1486988847583643,0.1350318471337579,0.1067344345616264,0.1479713603818615,,0.1067285382830626,0.1535893155258764,0.021990810224202795,0.013667037624606387,0.021263285847700014,-0.0007275243765027806,,,-0.019979536251098898,0.026881240991714905,True,False,False,True,False,True,False,0.0771558245083207,0.3541666666666667,0.090497737556561,0.4166666666666667
expanded::GEO_GSE305393_GENERIC_COSMX_CSV_EXPANDED::OPC,expanded,GEO_GSE305393_GENERIC_COSMX_CSV_EXPANDED,OPC,404,101-500,0.5258358662613982,0.5155234657039711,0.5100286532951289,0.5286671630677587,0.5091174325309993,,0.5358306188925082,0.5260837619397501,-0.010312400557427104,-0.013143697363787621,-0.01671843373039894,-0.019549730536759458,,,0.009994752631109938,0.00024789567835192816,False,False,False,False,True,False,True,0.3793859649122807,0.8564356435643564,0.363914373088685,0.8836633663366337
expanded::GEO_GSE305393_GENERIC_COSMX_CSV_EXPANDED::Oligodendrocyte,expanded,GEO_GSE305393_GENERIC_COSMX_CSV_EXPANDED,Oligodendrocyte,710,501-1000,0.6795048143053644,0.7114624505928854,0.7133421400264202,0.6632947976878614,0.7056504599211564,,0.369034994697773,0.6290322580645161,0.03195763628752102,-0.0018796894335347814,0.026145645615792024,-0.007691680105263776,,,-0.31046981960759135,-0.05047255624084823,False,False,False,True,False,True,False,0.6639784946236559,0.6957746478873239,0.6683168316831684,0.7605633802816901
expanded::GEO_GSE305393_GENERIC_COSMX_CSV_EXPANDED::Plasma,expanded,GEO_GSE305393_GENERIC_COSMX_CSV_EXPANDED,Plasma,1299,>1000,0.565277141548328,0.5681211041852181,0.5635062611806798,0.5694760820045558,0.5517873510540787,,0.27325208466966,0.5377081292850147,0.0028439626368901294,-0.0013549778193376882,-0.013489790494249254,-0.017688730950477072,,,-0.292025056878668,-0.02756901226331332,False,False,False,False,False,False,True,0.6979638009049773,0.4749807544264819,0.6737064413938754,0.4911470361816782
expanded::GEO_GSE305393_GENERIC_COSMX_CSV_EXPANDED::Treg,expanded,GEO_GSE305393_GENERIC_COSMX_CSV_EXPANDED,Treg,57,26-100,0.035820895522388,0.0385852090032154,0.0390879478827361,0.0349206349206349,0.0335877862595419,,0.0135440180586907,0.0418410041841004,0.002764313480827403,-0.000502738879520695,-0.002233109262846096,-0.005500161623194194,,,-0.0222768774636973,0.006020108661712403,False,False,False,False,False,False,False,0.0195758564437194,0.2105263157894736,0.0212389380530973,0.2105263157894736
expanded::GEO_GSE305393_GENERIC_COSMX_CSV_EXPANDED::Tumor,expanded,GEO_GSE305393_GENERIC_COSMX_CSV_EXPANDED,Tumor,2500,>1000,0.5768520959662536,0.5817320347459859,0.579321231254933,0.5781414994720169,0.5657648004286097,,0.5775709219858156,0.6312178387650087,0.004879938779732251,0.0024108034910529375,-0.011087295537643982,-0.015967234317376233,,,0.0007188260195619689,0.05436574279875506,False,False,False,False,False,False,True,0.8460943542150039,0.4376,0.850654349499615,0.442
expanded::GEO_GSE305393_GENERIC_COSMX_CSV_EXPANDED::Vasculature,expanded,GEO_GSE305393_GENERIC_COSMX_CSV_EXPANDED,Vasculature,2196,>1000,0.6521614657887203,0.6847610969748374,0.6904094223219293,0.6789042643321096,0.6649440137812231,,0.5354516034127684,0.6351430239346176,0.032599631186117195,-0.005648325347091809,0.01278254799250289,-0.025465408540706114,,,-0.11670986237595182,-0.017018441854102617,False,False,False,True,False,True,False,0.8781804163454124,0.5186703096539163,0.9030574198359432,0.5514571948998178
expanded::GEO_GSE307588_GENERIC_COSMX_TSV_EXPANDED::C00_S,expanded,GEO_GSE307588_GENERIC_COSMX_TSV_EXPANDED,C00_S,482,101-500,0.273015873015873,0.2914728682170543,0.2857142857142857,0.3433476394849785,0.2372322899505766,,0.4276228419654714,0.3796423658872077,0.018456995201181325,-0.05187477126792417,-0.03578358306529639,-0.10611534953440188,,,0.1546069689495984,0.10662649287133469,False,False,False,True,False,False,True,0.581081081081081,0.1784232365145228,0.5766871165644172,0.1950207468879668
expanded::GEO_GSE307588_GENERIC_COSMX_TSV_EXPANDED::C01_S,expanded,GEO_GSE307588_GENERIC_COSMX_TSV_EXPANDED,C01_S,358,101-500,0.3123809523809523,0.3109404990403071,0.3111954459203036,0.3114446529080675,0.3259259259259259,,0.4971878515185602,0.4417549167927383,-0.0014404533406452424,-0.0014404533406452424,0.013544973544973582,0.013544973544973582,,,0.1848068991376079,0.129373964411786,False,True,False,False,False,True,False,0.4910179640718562,0.2290502793296089,0.4969325153374233,0.2262569832402234
expanded::GEO_GSE307588_GENERIC_COSMX_TSV_EXPANDED::C02_N,expanded,GEO_GSE307588_GENERIC_COSMX_TSV_EXPANDED,C02_N,71,26-100,0.3168316831683168,0.2702702702702702,0.2710280373831775,0.3045685279187817,0.2857142857142857,,0.3,0.3726708074534161,-0.046561412898046606,-0.046561412898046606,-0.03111739745403108,-0.03111739745403108,,,-0.01683168316831679,0.055839124285099295,False,False,False,False,True,False,True,0.2442748091603053,0.4507042253521127,0.1986754966887417,0.4225352112676056
expanded::GEO_GSE307588_GENERIC_COSMX_TSV_EXPANDED::C03_S_Inj,expanded,GEO_GSE307588_GENERIC_COSMX_TSV_EXPANDED,C03_S_Inj,1516,>1000,0.1961694718514219,0.1930635838150289,0.1820303383897316,0.211307824100514,0.2036613272311213,,0.0412637008381689,0.1818181818181818,-0.003105888036393001,-0.018244240285485103,0.0074918553796994025,-0.007646496869392699,,,-0.15490577101325298,-0.014351290033240094,False,False,False,False,False,False,False,0.8164251207729468,0.1114775725593667,0.780373831775701,0.1101583113456464
expanded::GEO_GSE307588_GENERIC_COSMX_TSV_EXPANDED::C05_S_Prolif,expanded,GEO_GSE307588_GENERIC_COSMX_TSV_EXPANDED,C05_S_Prolif,347,101-500,0.6011428571428571,0.6091954022988506,0.6023255813953488,0.6122931442080378,0.6091954022988506,,0.523943661971831,0.6290516206482593,0.008052545155993518,-0.0030977419091872127,0.008052545155993518,-0.0030977419091872127,,,-0.07719919517102614,0.027908763505402168,False,False,False,False,False,False,False,0.4981060606060606,0.7579250720461095,0.5066921606118547,0.7636887608069164
expanded::GEO_GSE307588_GENERIC_COSMX_TSV_EXPANDED::C06_S,expanded,GEO_GSE307588_GENERIC_COSMX_TSV_EXPANDED,C06_S,246,101-500,0.6873614190687362,0.7318087318087317,0.7130801687763713,0.7235772357723578,0.6962025316455697,,0.7131147540983608,0.7413793103448276,0.04444731273999558,0.008231496036373964,0.00884111257683351,-0.03560620016316207,,,0.025753335029624624,0.05401789127609147,False,False,False,True,False,False,False,0.7560975609756098,0.6300813008130082,0.7489361702127659,0.7154471544715447
expanded::GEO_GSE307588_GENERIC_COSMX_TSV_EXPANDED::C07_S_Inj,expanded,GEO_GSE307588_GENERIC_COSMX_TSV_EXPANDED,C07_S_Inj,184,101-500,0.2842105263157895,0.2931937172774869,0.2834224598930481,0.3045685279187817,0.2751322751322751,,0.1338912133891213,0.2889518413597733,0.008983190961697363,-0.011374810641294808,-0.009078251183514408,-0.029436252786506578,,,-0.15031931292666822,0.004741315043983785,False,False,False,False,False,False,False,0.2755102040816326,0.2934782608695652,0.2828282828282828,0.3043478260869565
expanded::GEO_GSE307588_GENERIC_COSMX_TSV_EXPANDED::C09_S_Inj,expanded,GEO_GSE307588_GENERIC_COSMX_TSV_EXPANDED,C09_S_Inj,101,101-500,0.1666666666666666,0.1590214067278287,0.1710914454277286,0.1849710982658959,0.1795665634674922,,0.146788990825688,0.1918819188191881,-0.007645259938837912,-0.0259496915380672,0.012899896800825594,-0.005404534798403693,,,-0.019877675840978604,0.02521525215252149,False,False,False,False,False,True,False,0.117408906882591,0.2871287128712871,0.1150442477876106,0.2574257425742574
expanded::GEO_GSE307588_GENERIC_COSMX_TSV_EXPANDED::C10_S,expanded,GEO_GSE307588_GENERIC_COSMX_TSV_EXPANDED,C10_S,112,101-500,0.2401315789473684,0.2414355628058727,0.2508361204013378,0.2359550561797752,0.2360655737704917,,0.1935483870967742,0.247787610619469,0.001303983858504304,-0.009400557595465098,-0.004066005176876691,-0.014770546630846093,,,-0.0465831918505942,0.007656031672100605,False,False,False,False,False,False,False,0.1471774193548387,0.6517857142857143,0.1477045908183632,0.6607142857142857
expanded::GEO_GSE307588_GENERIC_COSMX_TSV_EXPANDED::C11_N_PT,expanded,GEO_GSE307588_GENERIC_COSMX_TSV_EXPANDED,C11_N_PT,33,26-100,0.2695035460992908,0.2564102564102564,0.2320441988950276,0.2467532467532467,0.1866666666666666,,0.4761904761904761,0.3636363636363636,-0.013093289689034393,-0.013093289689034393,-0.08283687943262419,-0.08283687943262419,,,0.20668693009118533,0.09413281753707281,False,False,False,False,True,False,True,0.1759259259259259,0.5757575757575758,0.1626016260162601,0.6060606060606061
expanded::GEO_GSE307588_GENERIC_COSMX_TSV_EXPANDED::C12_S_Inj,expanded,GEO_GSE307588_GENERIC_COSMX_TSV_EXPANDED,C12_S_Inj,31,26-100,0.028169014084507,0.03,0.0297029702970296,0.0211640211640211,0.0260869565217391,,0.0524017467248908,0.0165289256198347,0.0018309859154929976,0.0002970297029703979,-0.0020820575627679,-0.003913043478260898,,,0.024232732640383798,-0.0116400884646723,False,False,False,False,False,False,False,0.0164835164835164,0.0967741935483871,0.0177514792899408,0.0967741935483871
expanded::GEO_GSE307588_GENERIC_COSMX_TSV_EXPANDED::C14_S,expanded,GEO_GSE307588_GENERIC_COSMX_TSV_EXPANDED,C14_S,25,1-25,0.5263157894736842,0.4705882352941177,0.4848484848484848,0.53125,0.4210526315789473,,0.4590163934426229,0.6129032258064517,-0.055727554179566485,-0.060661764705882304,-0.10526315789473689,-0.11019736842105271,,,-0.06729939603106128,0.08658743633276755,False,False,False,False,True,False,True,0.392156862745098,0.8,0.3720930232558139,0.64
expanded::GEO_GSE307588_GENERIC_COSMX_TSV_EXPANDED::C16_S_Inj,expanded,GEO_GSE307588_GENERIC_COSMX_TSV_EXPANDED,C16_S_Inj,32,26-100,0.1672240802675585,0.1689189189189189,0.1677852348993288,0.1773049645390071,0.1628664495114006,,0.109090909090909,0.1538461538461538,0.0016948386513603864,-0.008386045620088212,-0.0043576307561578875,-0.014438515027606486,,,-0.0581331711766495,-0.013377926421404701,False,False,False,False,False,False,False,0.0936329588014981,0.78125,0.0946969696969697,0.78125
expanded::GEO_GSE307588_GENERIC_COSMX_TSV_EXPANDED::C17_S_Inj,expanded,GEO_GSE307588_GENERIC_COSMX_TSV_EXPANDED,C17_S_Inj,29,26-100,0.0165975103734439,0.0571428571428571,0.0396825396825396,0.060377358490566,0.0355555555555555,,0.0571428571428571,0.0712468193384223,0.040545346769413196,-0.003234501347708897,0.0189580451821116,-0.024821802935010497,,,0.040545346769413196,0.054649308964978396,False,False,False,True,False,True,False,0.0094339622641509,0.0689655172413793,0.0324074074074074,0.2413793103448276
expanded::GEO_GSE307588_GENERIC_COSMX_TSV_EXPANDED::C20_N_DT,expanded,GEO_GSE307588_GENERIC_COSMX_TSV_EXPANDED,C20_N_DT,101,101-500,0.3199999999999999,0.3098591549295774,0.332378223495702,0.3382789317507418,0.3140495867768595,,0.5625,0.5588235294117647,-0.01014084507042251,-0.028419776821164422,-0.005950413223140383,-0.024229344973882294,,,0.2425000000000001,0.23882352941176482,False,False,False,False,True,False,False,0.218978102189781,0.594059405940594,0.2165354330708661,0.5445544554455446
expanded::GEO_GSE307588_GENERIC_COSMX_TSV_EXPANDED::C21_N_CS,expanded,GEO_GSE307588_GENERIC_COSMX_TSV_EXPANDED,C21_N_CS,45,26-100,0.2064896755162241,0.2095238095238095,0.2140672782874617,0.2099125364431487,0.217391304347826,,0.4337349397590361,0.40625,0.0030341340075853984,-0.004543468763652192,0.010901628831601895,0.0033240260603643046,,,0.227245264242812,0.1997603244837759,False,False,False,False,False,True,False,0.119047619047619,0.7777777777777778,0.1222222222222222,0.7333333333333333
expanded::GEO_GSE308167_H5AD_INTERNAL_LABEL_EXPANDED::B cell,expanded,GEO_GSE308167_H5AD_INTERNAL_LABEL_EXPANDED,B cell,2500,>1000,0.5165959570751185,0.4998747808665165,0.5198216055500495,0.4984924623115578,0.5143721633888049,,0.4638818370643896,0.4844662462041579,-0.01672117620860203,-0.019946824683533038,-0.0022237936863136465,-0.005449442161244655,,,-0.05271412001072889,-0.032129710870960615,False,False,False,False,True,False,False,0.6867949568679496,0.414,0.6684527796383122,0.3992
expanded::GEO_GSE308167_H5AD_INTERNAL_LABEL_EXPANDED::ILC,expanded,GEO_GSE308167_H5AD_INTERNAL_LABEL_EXPANDED,ILC,289,101-500,0.2280701754385964,0.2201215395003376,0.2333333333333333,0.2293956043956043,0.224983649444081,,0.3544303797468354,0.2543720190779014,-0.007948635938258786,-0.0132117938329957,-0.0030865259945153933,-0.008349683889252307,,,0.126360204308239,0.026301843639305017,False,False,False,False,False,False,False,0.1416596814752724,0.5847750865051903,0.136744966442953,0.5640138408304498
expanded::GEO_GSE308167_H5AD_INTERNAL_LABEL_EXPANDED::NK cell,expanded,GEO_GSE308167_H5AD_INTERNAL_LABEL_EXPANDED,NK cell,1585,>1000,0.5070229530661186,0.4915778618081815,0.4974306269270298,0.4830684174153421,0.4996554100620262,,0.5049954586739328,0.5615801704105345,-0.015445091257937027,-0.015445091257937027,-0.0073675430040923695,-0.0073675430040923695,,,-0.002027494392185747,0.05455721734441599,False,False,False,False,True,False,False,0.5547226386806596,0.4668769716088328,0.5400302114803626,0.4511041009463722
expanded::GEO_GSE308167_H5AD_INTERNAL_LABEL_EXPANDED::NKT cell,expanded,GEO_GSE308167_H5AD_INTERNAL_LABEL_EXPANDED,NKT cell,806,501-1000,0.4994775339602926,0.4902887139107612,0.4981837052413078,0.4837879567678847,0.497115888830624,,0.5299401197604791,0.5342216838279831,-0.009188820049531421,-0.009188820049531421,-0.002361645129668577,-0.002361645129668577,,,0.03046258580018646,0.03474414986769048,False,False,False,False,False,False,False,0.4314079422382672,0.5930521091811415,0.4249317561419472,0.5794044665012407
expanded::GEO_GSE308167_H5AD_INTERNAL_LABEL_EXPANDED::T cell,expanded,GEO_GSE308167_H5AD_INTERNAL_LABEL_EXPANDED,T cell,2500,>1000,0.4516129032258064,0.4402128255390646,0.4414138602838853,0.4262018554962047,0.4419517666853617,,0.5701499216827031,0.5132152938157557,-0.011400077686741783,-0.011400077686741783,-0.009661136540444704,-0.009661136540444704,,,0.11853701845689668,0.06160239058994932,False,False,False,False,True,False,False,0.7408759124087592,0.3248,0.7338935574229691,0.3144
expanded::GEO_GSE308167_H5AD_INTERNAL_LABEL_EXPANDED::VSMC,expanded,GEO_GSE308167_H5AD_INTERNAL_LABEL_EXPANDED,VSMC,135,101-500,0.1630695443645083,0.152317880794702,0.1554524361948956,0.1652065081351689,0.1496598639455782,,0.0327237728585178,0.1651651651651651,-0.010751663569806308,-0.012888627340466918,-0.013409680418930092,-0.015546644189590703,,,-0.1303457715059905,0.002095620800656811,False,False,False,False,True,False,True,0.0972818311874105,0.5037037037037037,0.0894941634241245,0.5111111111111111
expanded::GEO_GSE308167_H5AD_INTERNAL_LABEL_EXPANDED::dendritic cell,expanded,GEO_GSE308167_H5AD_INTERNAL_LABEL_EXPANDED,dendritic cell,1059,>1000,0.4181818181818182,0.4072345390898483,0.4091690544412607,0.3993212669683257,0.4087507196315487,,0.4586636466591166,0.4490950226244344,-0.010947279091969908,-0.010947279091969908,-0.009431098550269523,-0.009431098550269523,,,0.040481828477298365,0.030913204442616193,False,False,False,False,True,False,False,0.5249643366619116,0.3474976392823418,0.5328244274809161,0.3295561850802644
expanded::GEO_GSE308167_H5AD_INTERNAL_LABEL_EXPANDED::endothelial cell,expanded,GEO_GSE308167_H5AD_INTERNAL_LABEL_EXPANDED,endothelial cell,982,501-1000,0.6128472222222222,0.6029539530842746,0.5968722849695918,0.5991341991341991,0.6045296167247387,,0.5922865013774105,0.6356116673922508,-0.009893269137947636,-0.009893269137947636,-0.008317605497483505,-0.008317605497483505,,,-0.020560720844811753,0.022764445170028624,False,False,False,False,False,False,False,0.5340393343419062,0.7189409368635438,0.5257575757575758,0.7067209775967414
expanded::GEO_GSE308167_H5AD_INTERNAL_LABEL_EXPANDED::macrophage,expanded,GEO_GSE308167_H5AD_INTERNAL_LABEL_EXPANDED,macrophage,258,101-500,0.2535885167464115,0.2506063055780113,0.2520193861066235,0.23206106870229,0.249396621078037,,0.5817655571635312,0.3364839319470699,-0.002982211168400195,-0.002982211168400195,-0.004191895668374468,-0.004191895668374468,,,0.3281770404171197,0.0828954152006584,False,False,False,False,False,False,False,0.1596385542168674,0.6162790697674418,0.1583248212461695,0.6007751937984496
expanded::GEO_GSE308167_H5AD_INTERNAL_LABEL_EXPANDED::monocyte,expanded,GEO_GSE308167_H5AD_INTERNAL_LABEL_EXPANDED,monocyte,541,501-1000,0.392798690671031,0.3843008994276369,0.3940397350993377,0.3902040816326531,0.3944805194805195,,0.5028702640642939,0.4229765013054831,-0.008497791243394115,-0.009738835671700807,0.0016818288094884726,0.0004407843811817802,,,0.1100715733932629,0.030177810634452074,False,False,False,False,False,False,False,0.3524229074889868,0.4436229205175601,0.344574780058651,0.4343807763401109
expanded::GEO_GSE308167_H5AD_INTERNAL_LABEL_EXPANDED::tumor,expanded,GEO_GSE308167_H5AD_INTERNAL_LABEL_EXPANDED,tumor,1120,>1000,0.0,0.0,0.0,0.0,0.0,,0.0,0.0,0.0,0.0,0.0,0.0,,,0.0,0.0,False,False,False,False,False,False,False,0.0,0.0,0.0,0.0
expanded::GEO_GSE308624_GENERIC_H5AD_EXPANDED::B_cell,expanded,GEO_GSE308624_GENERIC_H5AD_EXPANDED,B_cell,2500,>1000,0.8165191740412979,0.817116060961313,0.8140762463343109,0.81953125,0.819234543670265,,0.770862800565771,0.8264320961167131,0.0005968869200150273,-0.0024151890386870933,0.0027153696289671236,-0.000296706329734997,,,-0.04565637347552698,0.009912922075415165,False,False,False,False,False,False,False,0.8030947775628626,0.8304,0.7987012987012987,0.8364
expanded::GEO_GSE308624_GENERIC_H5AD_EXPANDED::Cancer_cell,expanded,GEO_GSE308624_GENERIC_H5AD_EXPANDED,Cancer_cell,2500,>1000,0.7050572166851237,0.7065117137059583,0.7060779604655459,0.7065337763012183,0.7049907578558225,,0.6765448728742212,0.6937489056207319,0.0014544970208346664,-2.206259525994181e-05,-6.645882930111924e-05,-0.0015430184453957274,,,-0.028512343810902507,-0.011308311064391785,False,False,False,False,False,False,False,0.654557916381083,0.764,0.655597398151318,0.766
expanded::GEO_GSE308624_GENERIC_H5AD_EXPANDED::DC,expanded,GEO_GSE308624_GENERIC_H5AD_EXPANDED,DC,532,501-1000,0.4404761904761904,0.4468085106382978,0.4390243902439024,0.4238952536824877,0.4466769706336939,,0.4465203176085942,0.5320754716981131,0.0063323201621073855,0.0063323201621073855,0.0062007801575034716,-0.0001315400046039139,,,0.006044127132403765,0.09159928122192268,False,False,False,False,False,False,False,0.4021739130434782,0.4868421052631579,0.3956521739130434,0.5131578947368421
expanded::GEO_GSE308624_GENERIC_H5AD_EXPANDED::Endothelial,expanded,GEO_GSE308624_GENERIC_H5AD_EXPANDED,Endothelial,2500,>1000,0.8769704656640697,0.8834310850439883,0.8780043699927167,0.8804526373425808,0.8812008054182684,,0.8570920092543156,0.8745480838756328,0.006460619379918597,0.0029784477014074273,0.004230339754198731,-0.0022302796257198665,,,-0.019878456409754053,-0.0024223817884369003,False,False,False,False,False,False,False,0.8015899304405433,0.968,0.8152909336941814,0.964
expanded::GEO_GSE308624_GENERIC_H5AD_EXPANDED::Fibroblast,expanded,GEO_GSE308624_GENERIC_H5AD_EXPANDED,Fibroblast,2500,>1000,0.7468933943754088,0.7475236627779,0.7396540398511058,0.7455386649041639,0.7490685952224413,,0.705403572236039,0.7331404406855108,0.0006302684024912519,0.0006302684024912519,0.002175200847032488,0.001544932444541236,,,-0.0414898221393698,-0.01375295368989804,False,False,False,False,False,False,False,0.8207954000958313,0.6852,0.8311306901615272,0.6792
expanded::GEO_GSE308624_GENERIC_H5AD_EXPANDED::Myeloid cell,expanded,GEO_GSE308624_GENERIC_H5AD_EXPANDED,Myeloid cell,2500,>1000,0.6887505558025789,0.6882591093117408,0.6818386660657954,0.6820547635211586,0.6777348191949055,,0.5693466116103959,0.6547105561861521,-0.0004914464908380989,-0.0004914464908380989,-0.01101573660767341,-0.01101573660767341,,,-0.11940394419218303,-0.034039999616426786,False,False,False,False,False,False,True,0.7752752752752753,0.6196,0.7862281603288798,0.612
expanded::GEO_GSE308624_GENERIC_H5AD_EXPANDED::SMC,expanded,GEO_GSE308624_GENERIC_H5AD_EXPANDED,SMC,2500,>1000,0.8516516516516516,0.8486646884272997,0.8491842419419022,0.8472084243989668,0.8498415213946117,,0.8475484136794397,0.8538367844092569,-0.0029869632243518796,-0.0029869632243518796,-0.0018101302570399103,-0.0018101302570399103,,,-0.004103237972211904,0.002185132757605346,False,False,False,False,False,False,False,0.8525050100200401,0.8508,0.8395303326810176,0.858
expanded::GEO_GSE308624_GENERIC_H5AD_EXPANDED::T_cell,expanded,GEO_GSE308624_GENERIC_H5AD_EXPANDED,T_cell,2500,>1000,0.6686167989970747,0.6716635436185717,0.6665272841312982,0.6727347952006619,0.6700041718815186,,0.6470712624233453,0.6691951116729877,0.0030467446214970106,-0.0010712515820902047,0.0013873728844439048,-0.0027306233191433105,,,-0.021545536573729374,0.0005783126759130175,False,False,False,False,False,False,False,0.6999125109361329,0.64,0.7003907946157186,0.6452
expanded::GEO_GSE308952_H5AD_INTERNAL_LABEL_EXPANDED::Fibroblasts_1,expanded,GEO_GSE308952_H5AD_INTERNAL_LABEL_EXPANDED,Fibroblasts_1,460,101-500,0.2933049946865038,0.2931596091205212,0.2979635584137192,0.3117154811715481,0.285097192224622,,0.1879588839941262,0.27,-0.000145385565982592,-0.018555872051026934,-0.008207802461881797,-0.02661828894692614,,,-0.10534611069237759,-0.023304994686503766,False,False,False,False,False,False,False,0.2869022869022869,0.3,0.2928416485900217,0.2934782608695652
expanded::GEO_GSE308952_H5AD_INTERNAL_LABEL_EXPANDED::Fibroblasts_2,expanded,GEO_GSE308952_H5AD_INTERNAL_LABEL_EXPANDED,Fibroblasts_2,358,101-500,0.3973362930077692,0.4171364148816234,0.404949381327334,0.4086265607264472,0.4171364148816234,,0.4174311926605505,0.4444444444444445,0.019800121873854215,0.008509854155176189,0.019800121873854215,0.0,,,0.02009489965278133,0.047108151436675294,False,False,False,True,False,True,False,0.3296500920810313,0.5,0.3497164461247637,0.5167597765363129
expanded::GEO_GSE308952_H5AD_INTERNAL_LABEL_EXPANDED::Glia,expanded,GEO_GSE308952_H5AD_INTERNAL_LABEL_EXPANDED,Glia,232,101-500,0.5273885350318471,0.554002541296061,0.529113924050633,0.5265760197775031,0.5452261306532663,,0.4591836734693877,0.519047619047619,0.02661400626421384,0.024888617245428013,0.017837595621419178,-0.008776410642794663,,,-0.06820486156245942,-0.008340915984228148,True,False,False,True,False,True,False,0.3743218806509946,0.8922413793103449,0.3927927927927928,0.9396551724137931
expanded::GEO_GSE308952_H5AD_INTERNAL_LABEL_EXPANDED::Inflammatory_Fibroblasts,expanded,GEO_GSE308952_H5AD_INTERNAL_LABEL_EXPANDED,Inflammatory_Fibroblasts,478,101-500,0.4235033259423503,0.45610278372591,0.4437229437229437,0.4064293915040183,0.4406417112299465,,0.6261448792672774,0.6310063463281959,0.032599457783559715,0.012379840002966325,0.017138385287596203,-0.015461072495963513,,,0.20264155332492706,0.20750302038584556,True,False,False,True,False,True,False,0.4504716981132075,0.399581589958159,0.4671052631578947,0.4456066945606695
expanded::GEO_GSE308952_H5AD_INTERNAL_LABEL_EXPANDED::Macrophages,expanded,GEO_GSE308952_H5AD_INTERNAL_LABEL_EXPANDED,Macrophages,544,501-1000,0.409532215357458,0.4194690265486726,0.4132379248658318,0.4274809160305344,0.4054054054054054,,0.5632286995515696,0.5527462946817787,0.00993681119121459,-0.008011889481861822,-0.0041268099520526125,-0.022075510625129025,,,0.15369648419411164,0.14321407932432073,False,False,False,False,False,False,False,0.3938879456706282,0.4264705882352941,0.4044368600682594,0.4356617647058823
expanded::GEO_GSE308952_H5AD_INTERNAL_LABEL_EXPANDED::Myofibroblasts,expanded,GEO_GSE308952_H5AD_INTERNAL_LABEL_EXPANDED,Myofibroblasts,1178,>1000,0.5161290322580646,0.5465367965367964,0.5364274150026983,0.5318107667210441,0.521311475409836,,0.6007604562737643,0.5781938325991189,0.03040776427873182,0.010109381534098127,0.00518244315177141,-0.02522532112696041,,,0.08463142401569967,0.06206480034105433,True,False,False,True,False,False,False,0.7250384024577573,0.400679117147708,0.753731343283582,0.4286926994906621
expanded::GEO_GSE308952_H5AD_INTERNAL_LABEL_EXPANDED::Stromal,expanded,GEO_GSE308952_H5AD_INTERNAL_LABEL_EXPANDED,Stromal,470,101-500,0.3329820864067439,0.3429796355841372,0.330117899249732,0.3226519337016575,0.3493723849372384,,0.1706666666666666,0.2950058072009291,0.009997549177393261,0.009997549177393261,0.01639029853049445,0.00639274935310119,,,-0.16231541974007732,-0.03797627920581481,False,False,False,False,False,True,False,0.3298538622129436,0.3361702127659574,0.345572354211663,0.3404255319148936
expanded::GEO_GSE310129_GENERIC_H5AD_EXPANDED::1,expanded,GEO_GSE310129_GENERIC_H5AD_EXPANDED,1,1881,>1000,0.4391259105098856,0.4602194787379972,0.4630202958376333,0.4733083985039102,0.4387861876525986,,0.5279947916666667,0.5457484642741675,0.021093568228111592,-0.013088919765913032,-0.0003397228572870059,-0.03452221085131163,,,0.08886888115678115,0.10662255376428187,False,False,False,True,False,False,False,0.6317365269461078,0.3365231259968102,0.6483091787439613,0.3567251461988304
expanded::GEO_GSE310129_GENERIC_H5AD_EXPANDED::10,expanded,GEO_GSE310129_GENERIC_H5AD_EXPANDED,10,911,501-1000,0.3164893617021276,0.3464673913043478,0.3364993215739484,0.3624425476034143,0.3253333333333333,,0.214516129032258,0.3039288361749444,0.02997802960222018,-0.01597515629906654,0.008843971631205705,-0.037109214270081015,,,-0.1019732326698696,-0.01256052552718323,False,False,False,True,False,False,False,0.4013490725126475,0.261251372118551,0.4545454545454545,0.2799121844127332
expanded::GEO_GSE310129_GENERIC_H5AD_EXPANDED::11,expanded,GEO_GSE310129_GENERIC_H5AD_EXPANDED,11,890,501-1000,0.6024096385542169,0.636085626911315,0.638974358974359,0.6124604012671595,0.6209424083769635,,0.7114716106604867,0.6900780379041249,0.03367598835709806,-0.002888732063043964,0.018532769822746542,-0.018031950597395485,,,0.10906197210626978,0.087668399349908,False,False,False,True,False,True,False,0.5642787046123651,0.6460674157303371,0.582089552238806,0.701123595505618
expanded::GEO_GSE310129_GENERIC_H5AD_EXPANDED::12,expanded,GEO_GSE310129_GENERIC_H5AD_EXPANDED,12,877,501-1000,0.487071557426338,0.5116836428999401,0.51187648456057,0.5163983303518187,0.4951573849878934,,0.6285419886656364,0.5994428969359331,0.024612085473602052,-0.004714687451878641,0.008085827561555403,-0.02124094536392529,,,0.14147043123929837,0.1123713395095951,False,False,False,True,False,False,False,0.5152671755725191,0.4618015963511973,0.5391414141414141,0.4868871151653364
expanded::GEO_GSE310129_GENERIC_H5AD_EXPANDED::13,expanded,GEO_GSE310129_GENERIC_H5AD_EXPANDED,13,866,501-1000,0.5483870967741935,0.5895522388059702,0.5802005012531328,0.5933660933660934,0.5693160813308689,,0.6109324758842444,0.6217142857142858,0.04116514203177668,-0.0038138545601231755,0.020928984556675356,-0.0240500120352245,,,0.06254537911005087,0.07332718894009227,False,False,False,True,False,True,False,0.5924932975871313,0.5103926096997691,0.6388140161725068,0.5473441108545035
expanded::GEO_GSE310129_GENERIC_H5AD_EXPANDED::14,expanded,GEO_GSE310129_GENERIC_H5AD_EXPANDED,14,815,501-1000,0.3373647358370464,0.3538149898717082,0.366996699669967,0.371313672922252,0.3410553410553411,,0.4193353474320241,0.410612760581175,0.01645025403466177,-0.017498683050543806,0.0036906052182946736,-0.030258331866910904,,,0.0819706115949777,0.07324802474412861,False,False,False,True,False,False,False,0.3505291005291005,0.3251533742331288,0.3933933933933934,0.3214723926380368
expanded::GEO_GSE310129_GENERIC_H5AD_EXPANDED::15,expanded,GEO_GSE310129_GENERIC_H5AD_EXPANDED,15,810,501-1000,0.3713572023313904,0.4143556280587276,0.4292604501607717,0.3645833333333333,0.3583333333333333,,0.5571929824561404,0.5235920852359208,0.0429984257273372,-0.01490482210204408,-0.013023868998057131,-0.07092711682743841,,,0.18583578012474994,0.1522348829045304,False,False,False,True,False,False,True,0.5703324808184144,0.2753086419753086,0.6105769230769231,0.3135802469135803
expanded::GEO_GSE310129_GENERIC_H5AD_EXPANDED::16,expanded,GEO_GSE310129_GENERIC_H5AD_EXPANDED,16,770,501-1000,0.4223798266351458,0.4343675417661098,0.4570982839313572,0.4788948580199539,0.3981042654028435,,0.5494853523357086,0.5172955974842768,0.011987715130964027,-0.044527316253844096,-0.02427556123230229,-0.08079059261711041,,,0.12710552570056283,0.094915770849131,False,False,False,True,False,False,True,0.5370741482965932,0.348051948051948,0.5605749486652978,0.3545454545454545
expanded::GEO_GSE310129_GENERIC_H5AD_EXPANDED::17,expanded,GEO_GSE310129_GENERIC_H5AD_EXPANDED,17,723,501-1000,0.4043636363636363,0.4149560117302053,0.4087481146304675,0.4321080270067516,0.4058823529411764,,0.5854765506807866,0.5172678434382195,0.010592375366568985,-0.017152015276546306,0.0015187165775401024,-0.02622567406557519,,,0.18111291431715032,0.11290420707458321,False,False,False,True,False,False,False,0.4263803680981595,0.3845089903181189,0.4414976599063963,0.3914246196403873
expanded::GEO_GSE310129_GENERIC_H5AD_EXPANDED::18,expanded,GEO_GSE310129_GENERIC_H5AD_EXPANDED,18,684,501-1000,0.3990066225165563,0.4197324414715719,0.4087102177554438,0.4395424836601307,0.3957131079967024,,0.5731990704879939,0.5261437908496732,0.02072581895501563,-0.019810042188558807,-0.0032935145198538796,-0.043829375663428316,,,0.17419244797143763,0.12713716833311695,False,False,False,True,False,False,False,0.4599236641221374,0.3523391812865497,0.490234375,0.3669590643274854
expanded::GEO_GSE310129_GENERIC_H5AD_EXPANDED::19,expanded,GEO_GSE310129_GENERIC_H5AD_EXPANDED,19,659,501-1000,0.3577486507324595,0.379690949227373,0.3497501784439685,0.4663536776212832,0.3785394932935916,,0.5126984126984127,0.4584013050570962,0.021942298494913526,-0.0866627283939102,0.020790842561132117,-0.08781418432769161,,,0.15494976196595317,0.10065265432463671,False,False,False,True,False,True,False,0.3636363636363636,0.3520485584218513,0.3685714285714285,0.3915022761760243
expanded::GEO_GSE310129_GENERIC_H5AD_EXPANDED::2,expanded,GEO_GSE310129_GENERIC_H5AD_EXPANDED,2,1258,>1000,0.4943599803825405,0.5494929985514244,0.553580009610764,0.5230618253189402,0.5101449275362318,,0.6510311362717347,0.6205035971223022,0.05513301816888394,-0.004087011059339618,0.015784947153691276,-0.04343508207453228,,,0.15667115588919422,0.1261436167397617,False,False,False,True,False,True,False,0.645326504481434,0.4006359300476947,0.6998769987699877,0.4523052464228935
expanded::GEO_GSE310129_GENERIC_H5AD_EXPANDED::20,expanded,GEO_GSE310129_GENERIC_H5AD_EXPANDED,20,658,501-1000,0.5976744186046512,0.6354044548651817,0.6355029585798817,0.6326409495548961,0.6039488966318234,,0.6387058118633911,0.649133293484758,0.03773003626053051,-9.850371469999342e-05,0.006274478027172181,-0.03155406194805832,,,0.041031393258739945,0.05145887488010681,False,False,False,True,False,False,False,0.4839924670433145,0.7811550151975684,0.517175572519084,0.8237082066869301
expanded::GEO_GSE310129_GENERIC_H5AD_EXPANDED::21,expanded,GEO_GSE310129_GENERIC_H5AD_EXPANDED,21,593,501-1000,0.2397260273972603,0.2847301951779563,0.281068524970964,0.2980561555075594,0.2815964523281596,,0.7213765718067505,0.5518518518518518,0.04500416778069599,-0.013325960329603093,0.04187042493089932,-0.016459703179399765,,,0.48165054440949023,0.3121258244545915,False,False,False,True,False,True,False,0.3710247349823322,0.1770657672849915,0.4460431654676259,0.209106239460371
expanded::GEO_GSE310129_GENERIC_H5AD_EXPANDED::22,expanded,GEO_GSE310129_GENERIC_H5AD_EXPANDED,22,513,501-1000,0.5332588038010061,0.5303274288781535,0.5435267857142857,0.534054054054054,0.5279132791327913,,0.6179775280898876,0.5933014354066986,-0.0029313749228525587,-0.013199356836132159,-0.005345524668214807,-0.015613506581494407,,,0.0847187242888815,0.060042631605692454,False,False,False,False,False,False,False,0.3738244514106583,0.9298245614035088,0.3659259259259259,0.9629629629629628
expanded::GEO_GSE310129_GENERIC_H5AD_EXPANDED::23,expanded,GEO_GSE310129_GENERIC_H5AD_EXPANDED,23,493,101-500,0.2227793696275071,0.2262210796915167,0.2201767304860088,0.2265112891478514,0.2238372093023255,,0.6832,0.3477178423236515,0.00344171006400959,-0.00029020945633470574,0.0010578396748184005,-0.002674079845525895,,,0.4604206303724929,0.12493847269614439,False,False,False,False,False,False,False,0.1352762070465419,0.6308316430020284,0.1381165919282511,0.6247464503042597
expanded::GEO_GSE310129_GENERIC_H5AD_EXPANDED::24,expanded,GEO_GSE310129_GENERIC_H5AD_EXPANDED,24,423,101-500,0.5873821609862219,0.6034099332839139,0.6159695817490495,0.609152288072018,0.591672753834916,,0.5020970641102456,0.555112881806109,0.016027772297692033,-0.012559648465135576,0.0042905928486941525,-0.024296827914133456,,,-0.0852850968759763,-0.03226927918011291,False,False,False,True,False,False,False,0.4236401673640167,0.9574468085106383,0.4395248380129589,0.9621749408983452
expanded::GEO_GSE310129_GENERIC_H5AD_EXPANDED::25,expanded,GEO_GSE310129_GENERIC_H5AD_EXPANDED,25,419,101-500,0.3570566948130277,0.382716049382716,0.4102564102564102,0.3740458015267175,0.3533742331288343,,0.4691011235955056,0.4577373211963589,0.025659354569688264,-0.027540360873694214,-0.0036824616841933944,-0.05688217712757587,,,0.11204442878247789,0.1006806263833312,False,False,False,True,False,False,False,0.3609756097560975,0.3532219570405728,0.3964194373401534,0.3699284009546539
expanded::GEO_GSE310129_GENERIC_H5AD_EXPANDED::26,expanded,GEO_GSE310129_GENERIC_H5AD_EXPANDED,26,345,101-500,0.5959885386819485,0.603145235892692,0.6035283194057568,0.6267190569744597,0.6152380952380953,,0.5824081981212639,0.6385767790262172,0.007156697210743523,-0.023573821081767754,0.019249556556146796,-0.011480961736364481,,,-0.013580340560684578,0.04258824034426878,False,False,False,False,False,True,False,0.4444444444444444,0.9043478260869564,0.4429347826086957,0.944927536231884
expanded::GEO_GSE310129_GENERIC_H5AD_EXPANDED::27,expanded,GEO_GSE310129_GENERIC_H5AD_EXPANDED,27,204,101-500,0.5272459499263623,0.5449101796407185,0.5701078582434514,0.5642540620384047,0.5411061285500747,,0.5779220779220778,0.6000000000000001,0.017664229714356217,-0.02519767860273292,0.01386017862371236,-0.029001729693376777,,,0.050676127995715525,0.07275405007363778,False,False,False,True,False,True,False,0.3768421052631578,0.8774509803921569,0.3922413793103448,0.8921568627450981
expanded::GEO_GSE310129_GENERIC_H5AD_EXPANDED::28,expanded,GEO_GSE310129_GENERIC_H5AD_EXPANDED,28,160,101-500,0.0,0.0,0.0,0.0,0.0,,0.0,0.0,0.0,0.0,0.0,0.0,,,0.0,0.0,False,False,False,False,False,False,False,0.0,0.0,0.0,0.0
expanded::GEO_GSE310129_GENERIC_H5AD_EXPANDED::3,expanded,GEO_GSE310129_GENERIC_H5AD_EXPANDED,3,1159,>1000,0.6095317725752509,0.650721649484536,0.6463465553235909,0.6612834679133022,0.6228547509418166,,0.7098039215686274,0.6972147349505841,0.041189876909285106,-0.010561818428766134,0.013322978366565708,-0.03842871697148553,,,0.10027214899337644,0.08768296237533313,False,False,False,True,False,True,False,0.5912408759124088,0.6289905090595341,0.6232227488151659,0.6807592752372735
expanded::GEO_GSE310129_GENERIC_H5AD_EXPANDED::4,expanded,GEO_GSE310129_GENERIC_H5AD_EXPANDED,4,1139,>1000,0.3284038755736869,0.3561368209255533,0.3570722057368941,0.3642785065590312,0.3478696741854636,,0.4794604537093807,0.4289958407605466,0.027732945351866434,-0.008141685633477891,0.01946579861177672,-0.016408832373567606,,,0.1510565781356938,0.1005919651868597,False,False,False,True,False,True,False,0.3917274939172749,0.28270412642669,0.4169611307420495,0.3107989464442493
expanded::GEO_GSE310129_GENERIC_H5AD_EXPANDED::5,expanded,GEO_GSE310129_GENERIC_H5AD_EXPANDED,5,1133,>1000,0.5959780621572213,0.6362007168458782,0.6251113089937665,0.6669623059866963,0.6009174311926606,,0.7473143390938815,0.7059899405578418,0.040222654688656934,-0.030761589140818058,0.004939369035439345,-0.06604487479403565,,,0.15133627693666019,0.11001187840062054,False,False,False,True,False,False,False,0.6180094786729858,0.5754633715798765,0.6460418562329391,0.6266548984995587
expanded::GEO_GSE310129_GENERIC_H5AD_EXPANDED::6,expanded,GEO_GSE310129_GENERIC_H5AD_EXPANDED,6,1131,>1000,0.5586481113320081,0.5711422845691383,0.5826848249027239,0.6099762470308789,0.5572289156626506,,0.7063978965819456,0.6718966312874942,0.012494173237130202,-0.038833962461740645,-0.0014191956693574426,-0.05274733136822829,,,0.14774978524993754,0.11324851995548613,False,False,False,True,False,False,False,0.637911464245176,0.4969053934571176,0.6589595375722543,0.5039787798408488
expanded::GEO_GSE310129_GENERIC_H5AD_EXPANDED::7,expanded,GEO_GSE310129_GENERIC_H5AD_EXPANDED,7,1092,>1000,0.4417391304347826,0.4593471810089021,0.4514592019058964,0.503901895206243,0.4377934272300469,,0.5379679144385027,0.526258205689278,0.017608050574119516,-0.04455471419734086,-0.0039457032047356955,-0.06610846797619607,,,0.09622878400372009,0.08451907525449537,False,False,False,True,False,False,False,0.6018957345971564,0.3489010989010989,0.6526138279932546,0.3543956043956044
expanded::GEO_GSE310129_GENERIC_H5AD_EXPANDED::8,expanded,GEO_GSE310129_GENERIC_H5AD_EXPANDED,8,978,501-1000,0.4867149758454106,0.5238678090575276,0.5343980343980343,0.5169230769230769,0.5197604790419162,,0.6685616827743035,0.6219369894982497,0.03715283321211699,-0.010530225340506738,0.03304550319650562,-0.014637555356118104,,,0.18184670692889288,0.1352220136528391,False,False,False,True,False,True,False,0.5943952802359882,0.4120654396728016,0.6524390243902439,0.4376278118609407
expanded::GEO_GSE310129_GENERIC_H5AD_EXPANDED::9,expanded,GEO_GSE310129_GENERIC_H5AD_EXPANDED,9,938,501-1000,0.529616724738676,0.5698547821732598,0.5642042637580565,0.5830875122910522,0.5427848101265823,,0.6143667296786389,0.610234337637494,0.04023805743458375,-0.013232730117792357,0.013168085387906259,-0.04030270216446985,,,0.08475000493996288,0.08061761289881797,False,False,False,True,False,True,False,0.4967320261437908,0.5671641791044776,0.5372993389990557,0.6066098081023454
expanded::GEO_GSE311681_GENERIC_XENIUM_EXPANDED::B cells,expanded,GEO_GSE311681_GENERIC_XENIUM_EXPANDED,B cells,2500,>1000,0.4778540237055521,0.4800501357844161,0.4707352634867736,0.4294451725644386,0.4733876017532873,,0.3247073321010474,0.3801945181255526,0.0021961120788639987,0.0021961120788639987,-0.004466421952264765,-0.006662534031128764,,,-0.15314669160450467,-0.09765950557999947,False,False,False,False,False,False,False,0.4976180164573408,0.4596,0.5024048972452995,0.4596
expanded::GEO_GSE311681_GENERIC_XENIUM_EXPANDED::CEC,expanded,GEO_GSE311681_GENERIC_XENIUM_EXPANDED,CEC,2326,>1000,0.7694672131147541,0.7827837905864585,0.7658486707566463,0.7794378323626235,0.781053162005543,,0.3587223587223587,0.6562942008486563,0.01331657747170445,0.0033459582238349883,0.0115859488907889,-0.0017306285809155497,,,-0.4107448543923954,-0.11317301226609777,False,False,False,True,False,True,False,0.9518377693282636,0.645743766122098,0.944140862173649,0.6685296646603611
expanded::GEO_GSE311681_GENERIC_XENIUM_EXPANDED::Ccr7+ mat DC,expanded,GEO_GSE311681_GENERIC_XENIUM_EXPANDED,Ccr7+ mat DC,175,101-500,0.4281767955801105,0.4287690179806362,0.4258241758241758,0.442225392296719,0.4269972451790633,,0.4097744360902256,0.4671052631578947,0.0005922224005256993,-0.013456374316082764,-0.0011795504010472246,-0.015228147117655688,,,-0.01840235948988489,0.038928467577784176,False,False,False,False,False,False,False,0.2823315118397085,0.8857142857142857,0.2828467153284671,0.8857142857142857
expanded::GEO_GSE311681_GENERIC_XENIUM_EXPANDED::Chil3+ Plac8+ Mono,expanded,GEO_GSE311681_GENERIC_XENIUM_EXPANDED,Chil3+ Plac8+ Mono,936,501-1000,0.6618778860954335,0.656,0.6594982078853047,0.6619144602851323,0.6499749624436655,,0.510806916426513,0.6285211267605634,-0.005877886095433493,-0.005914460285132317,-0.011902923651768038,-0.011939497841466862,,,-0.15107096966892053,-0.033356759334870145,False,False,False,False,False,False,True,0.6367226061204343,0.6891025641025641,0.6165413533834586,0.7008547008547008
expanded::GEO_GSE311681_GENERIC_XENIUM_EXPANDED::HSC,expanded,GEO_GSE311681_GENERIC_XENIUM_EXPANDED,HSC,2500,>1000,0.7745462497266564,0.778588807785888,0.7749012724879333,0.7737064179435931,0.7758620689655172,,0.6393206216952411,0.7550810921781975,0.0040425580592315935,0.003687535297954736,0.0013158192388608159,-0.0027267388203707776,,,-0.13522562803141536,-0.0194651575484589,False,False,False,False,False,False,False,0.8543174143753015,0.7084,0.8708560118753093,0.704
expanded::GEO_GSE311681_GENERIC_XENIUM_EXPANDED::Heps,expanded,GEO_GSE311681_GENERIC_XENIUM_EXPANDED,Heps,2500,>1000,0.7496932515337423,0.7521712785295899,0.7489845653939887,0.6890756302521008,0.7539457709429381,,0.6048300918999786,0.7498586239396795,0.0024780269958475376,0.0024780269958475376,0.0042525194091957985,0.001774492413348261,,,-0.14486315963376373,0.00016537240593716973,False,False,False,False,False,False,False,0.7669456066945607,0.7332,0.7596899224806202,0.7448
expanded::GEO_GSE311681_GENERIC_XENIUM_EXPANDED::Il17a+ gdT cell,expanded,GEO_GSE311681_GENERIC_XENIUM_EXPANDED,Il17a+ gdT cell,160,101-500,0.5287846481876333,0.5281385281385281,0.5139186295503213,0.5254237288135594,0.5263157894736843,,0.371875,0.4752475247524752,-0.0006461200491051367,-0.0006461200491051367,-0.0024688587139489737,-0.0024688587139489737,,,-0.15690964818763325,-0.05353712343515804,False,False,False,False,False,False,False,0.401294498381877,0.775,0.4039735099337748,0.7625
expanded::GEO_GSE311681_GENERIC_XENIUM_EXPANDED::KC,expanded,GEO_GSE311681_GENERIC_XENIUM_EXPANDED,KC,2500,>1000,0.7892234548335975,0.792152704135737,0.7834907310248339,0.7878896452884272,0.7906812566184258,,0.6771498771498771,0.7618216716105392,0.0029292493021395583,0.0029292493021395583,0.0014578017848283498,-0.0014714475173112085,,,-0.1120735776837204,-0.027401783223058307,False,False,False,False,False,False,False,0.704938659955961,0.8964,0.7096263457884737,0.8964
expanded::GEO_GSE311681_GENERIC_XENIUM_EXPANDED::LSEC,expanded,GEO_GSE311681_GENERIC_XENIUM_EXPANDED,LSEC,2500,>1000,0.8202406227883934,0.8249152239871497,0.8168114913991842,0.8182788051209102,0.8199220134704006,,0.7224386113463165,0.7937522186723465,0.00467460119875629,0.00467460119875629,-0.0003186093179927685,-0.004993210516749058,,,-0.0978020114420769,-0.026488404116046915,False,False,False,False,False,False,False,0.7354060913705583,0.9272,0.7447631324524654,0.9244
expanded::GEO_GSE311681_GENERIC_XENIUM_EXPANDED::Mesothelial,expanded,GEO_GSE311681_GENERIC_XENIUM_EXPANDED,Mesothelial,184,101-500,0.2193283070596298,0.2348650619985412,0.225089605734767,0.2296718972895863,0.237741456166419,,0.1488673139158576,0.1743172574084834,0.015536754938911407,0.005193164708954895,0.018413149106789206,0.0028763941678777993,,,-0.07046099314377219,-0.04501104965114641,False,False,False,True,False,True,False,0.1254901960784313,0.8695652173913043,0.1356360572872788,0.875
expanded::GEO_GSE311681_GENERIC_XENIUM_EXPANDED::NK cell,expanded,GEO_GSE311681_GENERIC_XENIUM_EXPANDED,NK cell,378,101-500,0.6459948320413437,0.6443298969072165,0.6545924967658473,0.6418485237483954,0.6348387096774194,,0.5353383458646616,0.6344086021505376,-0.0016649351341271323,-0.010262599858630761,-0.01115612236392427,-0.0197537870884279,,,-0.11065648617668211,-0.011586229890806043,False,False,False,False,False,False,True,0.6313131313131313,0.6613756613756614,0.628140703517588,0.6613756613756614
expanded::GEO_GSE311681_GENERIC_XENIUM_EXPANDED::NM,expanded,GEO_GSE311681_GENERIC_XENIUM_EXPANDED,NM,2500,>1000,0.5116279069767442,0.5163032191069574,0.5092478421701603,0.4961646398503274,0.512873754152824,,0.5359163380764614,0.5711934156378601,0.004675312130213216,0.004675312130213216,0.001245847176079784,-0.003429464954133432,,,0.024288431099717234,0.059565508661115874,False,False,False,False,False,False,False,0.5220649458784347,0.5016,0.5369330453563715,0.4972
expanded::GEO_GSE311681_GENERIC_XENIUM_EXPANDED::Neutro,expanded,GEO_GSE311681_GENERIC_XENIUM_EXPANDED,Neutro,2500,>1000,0.8547897702644126,0.8519322622666089,0.8471768040113363,0.8541801685029163,0.8522530329289428,,0.7164702933065931,0.8402234636871507,-0.00285750799780371,-0.00285750799780371,-0.002536737335469774,-0.002536737335469774,,,-0.13831947695781954,-0.014566306577261878,False,False,False,False,False,False,False,0.9328287606433302,0.7888,0.9316239316239316,0.7848
expanded::GEO_GSE311681_GENERIC_XENIUM_EXPANDED::T cell,expanded,GEO_GSE311681_GENERIC_XENIUM_EXPANDED,T cell,634,501-1000,0.5544729849424269,0.5561312607944732,0.5509300265721878,0.5451295799821269,0.5572052401746725,,0.2506393861892583,0.507751937984496,0.0016582758520462537,0.0016582758520462537,0.0027322552322456284,0.0010739793801993747,,,-0.3038335987531686,-0.04672104695793089,False,False,False,False,False,False,False,0.6323232323232323,0.4936908517350157,0.6145038167938931,0.5078864353312302
expanded::GEO_GSE311681_GENERIC_XENIUM_EXPANDED::Trem2+ Mac,expanded,GEO_GSE311681_GENERIC_XENIUM_EXPANDED,Trem2+ Mac,2500,>1000,0.5951882845188284,0.5972185778011021,0.5932158821982646,0.5979274611398965,0.5927875756778099,,0.4015629696423204,0.5567289466558355,0.0020302932822736652,-0.0007088833387943749,-0.0024007088410185062,-0.005139885462086546,,,-0.19362531487650803,-0.03845933786299294,False,False,False,False,False,False,False,0.8595166163141994,0.4552,0.8680396643783371,0.4552
expanded::GEO_GSE311681_GENERIC_XENIUM_EXPANDED::cDC1,expanded,GEO_GSE311681_GENERIC_XENIUM_EXPANDED,cDC1,165,101-500,0.5231388329979879,0.5338645418326693,0.5349794238683127,0.5288270377733598,0.5338645418326693,,0.4627249357326478,0.5608695652173914,0.01072570883468138,-0.0011148820356433609,0.01072570883468138,-0.0011148820356433609,,,-0.06041389726534013,0.037730732219403484,False,False,False,True,False,True,False,0.3915662650602409,0.7878787878787878,0.3976261127596439,0.8121212121212121
expanded::GEO_GSE311681_GENERIC_XENIUM_EXPANDED::cDC2,expanded,GEO_GSE311681_GENERIC_XENIUM_EXPANDED,cDC2,1282,>1000,0.5778219791148682,0.5761689291101056,0.5712861415752741,0.5776458951533135,0.5772681954137587,,0.242098184263618,0.5033112582781457,-0.0016530500047625685,-0.0016530500047625685,-0.0005537837011094782,-0.0005537837011094782,,,-0.3357237948512502,-0.0745107208367225,False,False,False,False,False,False,False,0.7969821673525377,0.453198127925117,0.8104667609618105,0.4469578783151326
expanded::GEO_GSE311681_GENERIC_XENIUM_EXPANDED::cycling EC,expanded,GEO_GSE311681_GENERIC_XENIUM_EXPANDED,cycling EC,231,101-500,0.3481953290870488,0.3305439330543933,0.3443983402489626,0.3583333333333333,0.3474576271186441,,0.1571207430340557,0.3745098039215687,-0.01765139603265553,-0.027789400278940002,-0.0007377019684047248,-0.010875706214689196,,,-0.1910745860529931,0.026314474834519874,False,False,False,False,True,False,False,0.3416666666666667,0.354978354978355,0.3198380566801619,0.341991341991342
expanded::GEO_GSE311681_GENERIC_XENIUM_EXPANDED::cycling myeloid,expanded,GEO_GSE311681_GENERIC_XENIUM_EXPANDED,cycling myeloid,284,101-500,0.4859550561797753,0.4564643799472295,0.4769874476987447,0.4715447154471545,0.4691689008042896,,0.0062893081761006,0.0848484848484848,-0.02949067623254581,-0.02949067623254581,-0.016786155375485723,-0.016786155375485723,,,-0.4796657480036747,-0.4011065713312905,False,False,False,False,True,False,True,0.4042056074766355,0.6091549295774648,0.3649789029535865,0.6091549295774648
expanded::GEO_GSE311681_GENERIC_XENIUM_EXPANDED::ld BEC,expanded,GEO_GSE311681_GENERIC_XENIUM_EXPANDED,ld BEC,663,501-1000,0.5977616853192891,0.5786163522012578,0.5810983397190295,0.6082824168363884,0.5845380263984915,,0.2184655396618985,0.6103127641589179,-0.019145333118031238,-0.02966606463513055,-0.013223658920797576,-0.02374439043789689,,,-0.37929614565739056,0.012551078839628804,False,False,False,False,True,False,True,0.530373831775701,0.6847662141779789,0.4962243797195254,0.693815987933635
expanded::GEO_GSE311681_GENERIC_XENIUM_EXPANDED::lyEC,expanded,GEO_GSE311681_GENERIC_XENIUM_EXPANDED,lyEC,564,501-1000,0.8494342906875544,0.8470790378006872,0.8412017167381974,0.8403796376186368,0.8433734939759037,,0.6916299559471365,0.8566176470588236,-0.0023552528868672207,-0.0023552528868672207,-0.006060796711650718,-0.006060796711650718,,,-0.15780433474041788,0.007183356371269212,False,False,False,False,False,False,False,0.8341880341880342,0.8652482269503546,0.8216666666666667,0.874113475177305
expanded::GEO_GSE311681_GENERIC_XENIUM_EXPANDED::naive T cell,expanded,GEO_GSE311681_GENERIC_XENIUM_EXPANDED,naive T cell,441,101-500,0.5121412803532008,0.5208333333333334,0.4945295404814004,0.4988662131519274,0.5203252032520326,,0.5150214592274679,0.5509110396570204,0.008692052980132536,0.008692052980132536,0.008183922898831741,-0.000508130081300795,,,0.0028801788742670587,0.03876975930381954,False,False,False,False,False,False,False,0.4989247311827957,0.5260770975056689,0.5319148936170213,0.5102040816326531
expanded::GEO_GSE311681_GENERIC_XENIUM_EXPANDED::pDC,expanded,GEO_GSE311681_GENERIC_XENIUM_EXPANDED,pDC,341,101-500,0.6674816625916871,0.6642512077294686,0.660217654171705,0.6741573033707865,0.6691086691086692,,0.5941520467836258,0.6626065773447015,-0.0032304548622185125,-0.009906095641317947,0.0016270065169821102,-0.005048634262117324,,,-0.0733296158080613,-0.004875085246985544,False,False,False,False,False,False,False,0.5723270440251572,0.8005865102639296,0.5646817248459959,0.8064516129032258
expanded::GEO_GSE311681_GENERIC_XENIUM_EXPANDED::portal Fibs,expanded,GEO_GSE311681_GENERIC_XENIUM_EXPANDED,portal Fibs,2310,>1000,0.7761006289308175,0.7785151389464953,0.7794979079497908,0.7745568300312825,0.7772708419742844,,0.6011470281543275,0.7726590957788728,0.0024145100156777177,-0.000982769003295525,0.0011702130434668723,-0.0022270659755063704,,,-0.17495360077649003,-0.003441533151944731,False,False,False,False,False,False,False,0.7524390243902439,0.8012987012987013,0.7472133757961783,0.8125541125541126
expanded::GEO_GSE311681_GENERIC_XENIUM_EXPANDED::sd BEC,expanded,GEO_GSE311681_GENERIC_XENIUM_EXPANDED,sd BEC,2500,>1000,0.8563915857605179,0.8513568246253543,0.8517770597738289,0.8635640413683372,0.8533819360064804,,0.8443421285638392,0.8801526717557252,-0.005034761135163546,-0.012207216742982863,-0.0030096497540375022,-0.01018210536185682,,,-0.012049457196678715,0.02376108599520732,False,False,False,False,False,False,False,0.86620294599018,0.8468,0.8621821164889254,0.8408
expanded::GEO_GSE317755_GENERIC_H5AD_EXPANDED::0,expanded,GEO_GSE317755_GENERIC_H5AD_EXPANDED,0,499,101-500,0.7956043956043954,0.8242811501597443,0.8237837837837838,0.8180815876515986,0.7799999999999999,,0.5895953757225434,0.7589189189189189,0.028676754555348904,0.0004973663759605396,-0.015604395604395527,-0.04428115015974443,,,-0.20600901988185205,-0.036685476685476504,False,False,False,True,False,False,True,0.8807785888077859,0.7254509018036072,0.8795454545454545,0.7755511022044088
expanded::GEO_GSE317755_GENERIC_H5AD_EXPANDED::1,expanded,GEO_GSE317755_GENERIC_H5AD_EXPANDED,1,487,101-500,0.6594202898550725,0.6608910891089108,0.6567901234567901,0.6699029126213591,0.6471306471306473,,0.6330935251798562,0.6871310507674144,0.0014707992538383063,-0.009011823512448336,-0.012289642724425232,-0.022772265490711874,,,-0.02632676467521633,0.027710760912341925,False,False,False,False,False,False,True,0.8005865102639296,0.5605749486652978,0.8317757009345794,0.5482546201232033
expanded::GEO_GSE317755_GENERIC_H5AD_EXPANDED::10,expanded,GEO_GSE317755_GENERIC_H5AD_EXPANDED,10,99,26-100,0.5401929260450161,0.5733788395904438,0.5770491803278688,0.5426829268292683,0.5602605863192182,,0.4432717678100263,0.5529411764705882,0.03318591354542766,-0.003670340737425004,0.020067660274202037,-0.016788594008650626,,,-0.09692115823498981,0.012748250425572039,False,False,False,True,False,True,False,0.3962264150943396,0.8484848484848485,0.4329896907216495,0.8484848484848485
expanded::GEO_GSE317755_GENERIC_H5AD_EXPANDED::11,expanded,GEO_GSE317755_GENERIC_H5AD_EXPANDED,11,81,26-100,0.5089605734767025,0.5426356589147288,0.5447470817120622,0.5490196078431373,0.5122807017543859,,0.2932330827067669,0.4780876494023904,0.03367508543802622,-0.006383948928408545,0.003320128277683354,-0.03673890608875141,,,-0.21572749076993564,-0.030872924074312136,False,False,False,True,False,False,False,0.3585858585858585,0.8765432098765432,0.3954802259887006,0.8641975308641975
expanded::GEO_GSE317755_GENERIC_H5AD_EXPANDED::12,expanded,GEO_GSE317755_GENERIC_H5AD_EXPANDED,12,55,26-100,0.484076433121019,0.5031446540880503,0.4905660377358491,0.4967320261437908,0.5,,0.5934065934065934,0.556390977443609,0.019068220967031313,0.006412627944259508,0.015923566878981,-0.0031446540880503138,,,0.10933016028557441,0.07231454432258999,False,False,False,True,False,True,False,0.3725490196078431,0.6909090909090909,0.3846153846153846,0.7272727272727273
expanded::GEO_GSE317755_GENERIC_H5AD_EXPANDED::13,expanded,GEO_GSE317755_GENERIC_H5AD_EXPANDED,13,46,26-100,0.4971098265895954,0.5212121212121212,0.5,0.5341614906832298,0.5176470588235295,,0.2128851540616246,0.4117647058823529,0.024102294622525833,-0.012949369471108585,0.020537232233934055,-0.016514431859700363,,,-0.2842246725279708,-0.08534512070724248,False,False,False,True,False,True,False,0.3385826771653543,0.9347826086956522,0.361344537815126,0.9347826086956522
expanded::GEO_GSE317755_GENERIC_H5AD_EXPANDED::2,expanded,GEO_GSE317755_GENERIC_H5AD_EXPANDED,2,364,101-500,0.6631762652705061,0.6847457627118644,0.6734693877551019,0.6916524701873936,0.6480836236933797,,0.6399999999999999,0.7050847457627119,0.021569497441358276,-0.006906707475529239,-0.01509264157712642,-0.043568846494013935,,,-0.023176265270506202,0.041908480492205746,False,False,False,True,False,False,True,0.9090909090909092,0.521978021978022,0.8938053097345132,0.554945054945055
expanded::GEO_GSE317755_GENERIC_H5AD_EXPANDED::3,expanded,GEO_GSE317755_GENERIC_H5AD_EXPANDED,3,332,101-500,0.7647999999999999,0.767515923566879,0.7617504051863857,0.770440251572327,0.7697262479871175,,0.574757281553398,0.742671009771987,0.002715923566879108,-0.0029243280054479515,0.004926247987117605,-0.0007140035852094551,,,-0.19004271844660192,-0.022128990228012957,False,False,False,False,False,False,False,0.8156996587030717,0.7198795180722891,0.8141891891891891,0.7259036144578314
expanded::GEO_GSE317755_GENERIC_H5AD_EXPANDED::4,expanded,GEO_GSE317755_GENERIC_H5AD_EXPANDED,4,331,101-500,0.69937106918239,0.7106227106227105,0.7050183598531212,0.6860025220680959,0.7137452711223203,,0.7818411097099622,0.7412060301507539,0.011251641440320537,0.005604350769589317,0.014374201939930331,0.0031225604996097944,,,0.08247004052757223,0.04183496096836392,False,False,False,True,False,True,False,0.5991379310344828,0.8398791540785498,0.5963114754098361,0.879154078549849
expanded::GEO_GSE317755_GENERIC_H5AD_EXPANDED::5,expanded,GEO_GSE317755_GENERIC_H5AD_EXPANDED,5,275,101-500,0.6106557377049181,0.6407766990291262,0.6401590457256461,0.5922746781115881,0.6249999999999999,,0.5137254901960785,0.6063157894736841,0.03012096132420805,0.0006176533034800702,0.014344262295081789,-0.015776699029126262,,,-0.0969302475088396,-0.004339948231233959,False,False,False,True,False,True,False,0.6995305164319249,0.5418181818181819,0.6875,0.6
expanded::GEO_GSE317755_GENERIC_H5AD_EXPANDED::6,expanded,GEO_GSE317755_GENERIC_H5AD_EXPANDED,6,226,101-500,0.365482233502538,0.3577235772357723,0.3482849604221635,0.3618581907090464,0.3455497382198952,,0.4848484848484848,0.4747474747474747,-0.0077586562667656955,-0.0077586562667656955,-0.019932495282642793,-0.019932495282642793,,,0.1193662513459468,0.1092652412449367,False,False,False,False,False,False,True,0.4285714285714285,0.3185840707964602,0.4615384615384615,0.2920353982300885
expanded::GEO_GSE317755_GENERIC_H5AD_EXPANDED::7,expanded,GEO_GSE317755_GENERIC_H5AD_EXPANDED,7,180,101-500,0.6707317073170732,0.6990291262135923,0.7112462006079027,0.7106017191977076,0.6746987951807228,,0.4034090909090909,0.6402439024390245,0.028297418896519044,-0.012217074394310412,0.003967087863649632,-0.036547405427179824,,,-0.2673226164079823,-0.030487804878048697,False,False,False,True,False,False,False,0.7432432432432432,0.6111111111111112,0.8372093023255814,0.6
expanded::GEO_GSE317755_GENERIC_H5AD_EXPANDED::8,expanded,GEO_GSE317755_GENERIC_H5AD_EXPANDED,8,112,101-500,0.5634920634920635,0.5772357723577236,0.5783132530120482,0.6173913043478261,0.5581395348837208,,0.3195266272189349,0.5306122448979591,0.01374370886566012,-0.04015553199010247,-0.005352528608342677,-0.059251769464105264,,,-0.2439654362731286,-0.03287981859410438,False,False,False,True,False,False,False,0.5071428571428571,0.6339285714285714,0.5298507462686567,0.6339285714285714
expanded::GEO_GSE317755_GENERIC_H5AD_EXPANDED::9,expanded,GEO_GSE317755_GENERIC_H5AD_EXPANDED,9,101,101-500,0.5779467680608364,0.5683453237410071,0.556390977443609,0.5971223021582733,0.5949820788530465,,0.0571428571428571,0.644808743169399,-0.009601444319829344,-0.02877697841726623,0.0170353107922101,-0.002140223305226785,,,-0.5208039109179794,0.06686197510856251,False,False,False,False,False,True,False,0.4691358024691358,0.7524752475247525,0.4463276836158192,0.7821782178217822
expanded::GEO_GSE325587_GENERIC_CSV_PAIR_EXPANDED::Ascending vasa recta endothelium,expanded,GEO_GSE325587_GENERIC_CSV_PAIR_EXPANDED,Ascending vasa recta endothelium,1500,>1000,0.2482536270822138,0.250269687162891,0.2460874257960064,0.2384322264561785,0.2483870967741935,,0.0658227848101265,0.1474546518431831,0.002016060080677201,0.002016060080677201,0.00013346969197969294,-0.0018825903886975082,,,-0.18243084227208728,-0.1007989752390307,False,False,False,False,False,False,False,0.6398891966759003,0.154,0.655367231638418,0.1546666666666666
expanded::GEO_GSE325587_GENERIC_CSV_PAIR_EXPANDED::B cell,expanded,GEO_GSE325587_GENERIC_CSV_PAIR_EXPANDED,B cell,1500,>1000,0.6091772151898734,0.6107831562377017,0.6077738515901061,0.6060606060606061,0.6155651153695737,,0.5735849056603773,0.6131907308377896,0.0016059410478282965,0.0016059410478282965,0.006387900179700257,0.00478195913187196,,,-0.0355923095294961,0.004013515647916188,False,False,False,False,False,False,False,0.7490272373540856,0.5133333333333333,0.7454370797310279,0.5173333333333333
expanded::GEO_GSE325587_GENERIC_CSV_PAIR_EXPANDED::CD4 T cell,expanded,GEO_GSE325587_GENERIC_CSV_PAIR_EXPANDED,CD4 T cell,1475,>1000,0.5244381020335356,0.5208480565371025,0.5236749116607774,0.5313453066757031,0.5148514851485149,,0.620408163265306,0.5950361294376374,-0.0035900454964330475,-0.010497250138600589,-0.009586616885020716,-0.016493821527188257,,,0.09597006123177043,0.07059802740410182,False,False,False,False,False,False,False,0.5534638554216867,0.4983050847457627,0.5439114391143911,0.4996610169491525
expanded::GEO_GSE325587_GENERIC_CSV_PAIR_EXPANDED::CD8 T cell,expanded,GEO_GSE325587_GENERIC_CSV_PAIR_EXPANDED,CD8 T cell,28,26-100,0.0115830115830115,0.0115830115830115,0.0116504854368932,0.0192307692307692,0.0113421550094517,,0.0105263157894736,0.0094117647058823,0.0,-0.0076477576477577015,-0.0002408565735597997,-0.007888614221317501,,,-0.0010566957935378984,-0.002171246877129199,False,False,False,False,False,False,False,0.0061224489795918,0.1071428571428571,0.0061224489795918,0.1071428571428571
expanded::GEO_GSE325587_GENERIC_CSV_PAIR_EXPANDED::Connecting tubule,expanded,GEO_GSE325587_GENERIC_CSV_PAIR_EXPANDED,Connecting tubule,1500,>1000,0.2895974908520648,0.3071391884951207,0.3075345976422347,0.2989795918367346,0.2951680672268907,,0.1170960187353629,0.2285401858939311,0.017541697643055854,-0.0003954091471140009,0.005570576374825886,-0.012366530415343968,,,-0.17250147211670191,-0.06105730495813372,False,False,False,True,False,False,False,0.6707021791767555,0.1846666666666666,0.668903803131991,0.1993333333333333
expanded::GEO_GSE325587_GENERIC_CSV_PAIR_EXPANDED::Descending vasa recta endothelium,expanded,GEO_GSE325587_GENERIC_CSV_PAIR_EXPANDED,Descending vasa recta endothelium,305,101-500,0.2931297709923664,0.2975077881619937,0.2971071149335418,0.2859399684044234,0.2940275650842266,,0.2216157205240174,0.277992277992278,0.0043780171696272685,0.0004006732284518866,0.0008977940918601934,-0.003480223077767075,,,-0.07151405046834902,-0.015137493000088431,False,False,False,False,False,False,False,0.191044776119403,0.6295081967213115,0.195097037793667,0.6262295081967213
expanded::GEO_GSE325587_GENERIC_CSV_PAIR_EXPANDED::Distinct proximal tubule 1,expanded,GEO_GSE325587_GENERIC_CSV_PAIR_EXPANDED,Distinct proximal tubule 1,1500,>1000,0.3449174630755864,0.3369707551287648,0.3381263616557733,0.3417172593235039,0.3325961963732861,,0.1506849315068493,0.3129876089949518,-0.007946707946821618,-0.007946707946821618,-0.012321266702300326,-0.012321266702300326,,,-0.1942325315687371,-0.03192985408063459,False,False,False,False,False,False,True,0.4950124688279301,0.2646666666666666,0.4879898862199747,0.2573333333333333
expanded::GEO_GSE325587_GENERIC_CSV_PAIR_EXPANDED::Distinct proximal tubule 2,expanded,GEO_GSE325587_GENERIC_CSV_PAIR_EXPANDED,Distinct proximal tubule 2,729,501-1000,0.3781706379707917,0.3800766283524904,0.3847908745247148,0.3703112529928172,0.3775280898876404,,0.3339130434782608,0.4120836560805577,0.0019059903816986967,-0.004714246172224379,-0.0006425480831512842,-0.00726278463707436,,,-0.044257594492530916,0.03391301810976599,False,False,False,False,False,False,False,0.43006993006993,0.3374485596707819,0.4305555555555556,0.3401920438957476
expanded::GEO_GSE325587_GENERIC_CSV_PAIR_EXPANDED::Epithelial progenitor cell,expanded,GEO_GSE325587_GENERIC_CSV_PAIR_EXPANDED,Epithelial progenitor cell,1500,>1000,0.352176088044022,0.3539467068878834,0.3479135243841126,0.3612334801762114,0.3357142857142857,,0.1373534338358459,0.3200826019617966,0.0017706188438613712,-0.007286773288327997,-0.01646180232973632,-0.025519194461925687,,,-0.21482265420817612,-0.0320934860822254,False,False,False,False,False,False,True,0.7054108216432866,0.2346666666666666,0.7198364008179959,0.2346666666666666
expanded::GEO_GSE325587_GENERIC_CSV_PAIR_EXPANDED::Fibroblast,expanded,GEO_GSE325587_GENERIC_CSV_PAIR_EXPANDED,Fibroblast,1500,>1000,0.5883476599808978,0.5832012678288432,0.5838947706127687,0.578879587894398,0.5785230570783618,,0.4348226623675725,0.5950692333671057,-0.005146392152054591,-0.005146392152054591,-0.00982460290253595,-0.00982460290253595,,,-0.15352499761332528,0.006721573386207935,False,False,False,False,False,False,False,0.5630712979890311,0.616,0.5558912386706949,0.6133333333333333
expanded::GEO_GSE325587_GENERIC_CSV_PAIR_EXPANDED::Glomerular endothelium,expanded,GEO_GSE325587_GENERIC_CSV_PAIR_EXPANDED,Glomerular endothelium,254,101-500,0.3053221288515406,0.305226480836237,0.3103932584269662,0.3018108651911469,0.3020689655172414,,0.1574608408903544,0.2787639710716634,-9.564801530359546e-05,-0.005166777590729199,-0.003253163334299203,-0.008324292909724806,,,-0.1478612879611862,-0.02655815777987719,False,False,False,False,False,False,False,0.1856899488926746,0.8582677165354331,0.1854360711261642,0.8622047244094488
expanded::GEO_GSE325587_GENERIC_CSV_PAIR_EXPANDED::MNP-a/classical monocyte derived,expanded,GEO_GSE325587_GENERIC_CSV_PAIR_EXPANDED,MNP-a/classical monocyte derived,35,26-100,0.1231527093596059,0.1240694789081885,0.1167883211678832,0.1198910081743869,0.1201923076923077,,0.0555555555555555,0.100250626566416,0.0009167695485825939,0.0009167695485825939,-0.002960401667298204,-0.003877171215880798,,,-0.0675971538040504,-0.022902082793189893,False,False,False,False,False,False,False,0.0673854447439353,0.7142857142857143,0.0679347826086956,0.7142857142857143
expanded::GEO_GSE325587_GENERIC_CSV_PAIR_EXPANDED::MNP-c/dendritic cell,expanded,GEO_GSE325587_GENERIC_CSV_PAIR_EXPANDED,MNP-c/dendritic cell,1500,>1000,0.5091179754372906,0.5086142322097379,0.5132611131864028,0.5076407007081626,0.5107183151560737,,0.2098833981121599,0.429188255613126,-0.0005037432275527554,-0.00464688097666488,0.0016003397187830393,-0.0025427980303290854,,,-0.29923457732513076,-0.07992971982416464,False,False,False,False,False,False,False,0.5762426284751474,0.456,0.5803418803418804,0.4526666666666666
expanded::GEO_GSE325587_GENERIC_CSV_PAIR_EXPANDED::MNP-d/Tissue macrophage,expanded,GEO_GSE325587_GENERIC_CSV_PAIR_EXPANDED,MNP-d/Tissue macrophage,76,26-100,0.1627358490566037,0.1658878504672897,0.1664712778429073,0.1635514018691589,0.1633136094674556,,0.0685302073940486,0.1078779276082328,0.0031520014106860006,-0.0005834273756175901,0.0005777604108518908,-0.0031576683754517,,,-0.09420564166255511,-0.054857921448370914,False,False,False,False,False,False,False,0.0893782383419689,0.9078947368421052,0.091025641025641,0.9342105263157896
expanded::GEO_GSE325587_GENERIC_CSV_PAIR_EXPANDED::Mast cell,expanded,GEO_GSE325587_GENERIC_CSV_PAIR_EXPANDED,Mast cell,38,26-100,0.1390977443609022,0.1482965931863727,0.1465346534653465,0.1442495126705653,0.1494949494949495,,0.0790340285400658,0.1114551083591331,0.009198848825470507,0.0017619397210262011,0.010397205134047294,0.0011983563085767868,,,-0.06006371582083639,-0.027642636001769097,False,False,False,False,False,True,False,0.0748987854251012,0.9736842105263158,0.0802603036876355,0.9736842105263158
expanded::GEO_GSE325587_GENERIC_CSV_PAIR_EXPANDED::Myofibroblast,expanded,GEO_GSE325587_GENERIC_CSV_PAIR_EXPANDED,Myofibroblast,1500,>1000,0.5170128148475476,0.5150976909413855,0.5153811859117254,0.5245614035087719,0.5115044247787611,,0.356526155408837,0.5121076233183857,-0.0019151239061621084,-0.009463712567386429,-0.005508390068786451,-0.013056978730010771,,,-0.1604866594387106,-0.004905191529161912,False,False,False,False,False,False,False,0.7667103538663171,0.39,0.7712765957446809,0.3866666666666666
expanded::GEO_GSE325587_GENERIC_CSV_PAIR_EXPANDED::NK cell,expanded,GEO_GSE325587_GENERIC_CSV_PAIR_EXPANDED,NK cell,52,26-100,0.061823802163833,0.0631911532385466,0.0611620795107033,0.0615883306320907,0.0578778135048231,,0.038647342995169,0.0546218487394957,0.0013673510747135992,0.0013673510747135992,-0.0039459886590099,-0.005313339733723499,,,-0.023176459168664003,-0.0072019534243372985,False,False,False,False,False,False,False,0.0336134453781512,0.3846153846153846,0.0344234079173838,0.3846153846153846
expanded::GEO_GSE325587_GENERIC_CSV_PAIR_EXPANDED::NKT cell,expanded,GEO_GSE325587_GENERIC_CSV_PAIR_EXPANDED,NKT cell,477,101-500,0.3125,0.3152941176470588,0.3145353455123114,0.2993197278911564,0.3162719633307868,,0.2841823056300268,0.3342366757000903,0.0027941176470587803,0.0007587721347473986,0.003771963330786776,0.0009778456837279959,,,-0.028317694369973223,0.021736675700090302,False,False,False,False,False,False,False,0.2529182879377432,0.4088050314465409,0.2518796992481203,0.4213836477987421
expanded::GEO_GSE325587_GENERIC_CSV_PAIR_EXPANDED::Pelvic epithelium,expanded,GEO_GSE325587_GENERIC_CSV_PAIR_EXPANDED,Pelvic epithelium,65,26-100,0.065359477124183,0.0847058823529411,0.0831509846827133,0.0737527114967462,0.072463768115942,,0.0692041522491349,0.0686868686868686,0.019346405228758107,0.0015548976702278033,0.0071042909917590075,-0.0122421142369991,,,0.0038446751249519018,0.0033273915626856054,False,False,False,True,False,False,False,0.0380710659898477,0.2307692307692307,0.05,0.2769230769230769
expanded::GEO_GSE325587_GENERIC_CSV_PAIR_EXPANDED::Peritubular capillary endothelium 1,expanded,GEO_GSE325587_GENERIC_CSV_PAIR_EXPANDED,Peritubular capillary endothelium 1,120,101-500,0.1224489795918367,0.1283422459893048,0.1210526315789473,0.1247113163972286,0.1220159151193634,,0.0608365019011406,0.0943396226415094,0.005893266397468094,0.0036309295920761986,-0.00043306447247330737,-0.006326330869941402,,,-0.0616124776906961,-0.028109356950327305,False,False,False,False,False,False,False,0.088235294117647,0.2,0.0944881889763779,0.2
expanded::GEO_GSE325587_GENERIC_CSV_PAIR_EXPANDED::Peritubular capillary endothelium 2,expanded,GEO_GSE325587_GENERIC_CSV_PAIR_EXPANDED,Peritubular capillary endothelium 2,185,101-500,0.1348897535667963,0.1368159203980099,0.1280193236714976,0.1408083441981747,0.1335012594458438,,0.1205128205128205,0.1236093943139678,0.0019261668312136049,-0.0039924238001647905,-0.001388494120952516,-0.007307084752330911,,,-0.014376933053975804,-0.011280359252828512,False,False,False,False,False,False,False,0.0887372013651877,0.2810810810810811,0.0888529886914378,0.2972972972972973
expanded::GEO_GSE325587_GENERIC_CSV_PAIR_EXPANDED::Plasmacytoid dendritic cell,expanded,GEO_GSE325587_GENERIC_CSV_PAIR_EXPANDED,Plasmacytoid dendritic cell,81,26-100,0.1503496503496503,0.1559792027729636,0.1502504173622704,0.1598639455782312,0.155440414507772,,0.0843672456575682,0.158590308370044,0.005629552423313283,-0.003884742805267599,0.00509076415812168,-0.004423531070459202,,,-0.06598240469208211,0.008240658020393699,False,False,False,False,False,False,False,0.0875763747454175,0.5308641975308642,0.0907258064516129,0.5555555555555556
expanded::GEO_GSE325587_GENERIC_CSV_PAIR_EXPANDED::Podocyte,expanded,GEO_GSE325587_GENERIC_CSV_PAIR_EXPANDED,Podocyte,1499,>1000,0.5215889464594128,0.5260439087387,0.5282534246575343,0.5206431986093003,0.5272572402044292,,0.2546448087431694,0.505903723887375,0.004454962279287211,-0.002209515918834337,0.005668293745016428,-0.00099618445310512,,,-0.26694413771624337,-0.01568522257203775,False,False,False,False,False,False,False,0.7392900856793145,0.4029352901934623,0.741504854368932,0.4076050700466978
expanded::GEO_GSE325587_GENERIC_CSV_PAIR_EXPANDED::Principal cell,expanded,GEO_GSE325587_GENERIC_CSV_PAIR_EXPANDED,Principal cell,799,501-1000,0.5173210161662818,0.5039458850056371,0.5149769585253456,0.5147679324894515,0.5033482142857143,,0.3785572468563865,0.5046296296296297,-0.013375131160644704,-0.013375131160644704,-0.013972801880567487,-0.013972801880567487,,,-0.1387637693098953,-0.012691386536652138,False,False,False,False,True,False,True,0.480171489817792,0.5607008760951189,0.4584615384615385,0.5594493116395495
expanded::GEO_GSE325587_GENERIC_CSV_PAIR_EXPANDED::Proliferating Proximal Tubule,expanded,GEO_GSE325587_GENERIC_CSV_PAIR_EXPANDED,Proliferating Proximal Tubule,1500,>1000,0.3489866534849234,0.3384615384615384,0.3253012048192771,0.3321730482347091,0.3418217433888344,,0.0526976160602258,0.2356828193832599,-0.01052511502338499,-0.01052511502338499,-0.007164910096088994,-0.007164910096088994,,,-0.2962890374246976,-0.1133038341016635,False,False,False,False,True,False,False,0.6749521988527725,0.2353333333333333,0.6621359223300971,0.2273333333333333
expanded::GEO_GSE325587_GENERIC_CSV_PAIR_EXPANDED::Proximal tubule,expanded,GEO_GSE325587_GENERIC_CSV_PAIR_EXPANDED,Proximal tubule,175,101-500,0.3596792668957617,0.3398268398268398,0.3454345434543454,0.3079960513326752,0.3511627906976744,,0.3924963924963924,0.3688622754491018,-0.019852427068921874,-0.019852427068921874,-0.008516476198087264,-0.008516476198087264,,,0.032817125600630714,0.009183008553340088,False,False,False,False,True,False,False,0.2249283667621776,0.8971428571428571,0.2096128170894526,0.8971428571428571
expanded::GEO_GSE325587_GENERIC_CSV_PAIR_EXPANDED::Thick ascending limb of Loop of Henle,expanded,GEO_GSE325587_GENERIC_CSV_PAIR_EXPANDED,Thick ascending limb of Loop of Henle,394,101-500,0.3731656184486373,0.3771551724137931,0.374054054054054,0.3732470334412082,0.3642105263157894,,0.0685714285714285,0.3690036900369003,0.003989553965155768,0.0031011183597390857,-0.008955092132847953,-0.01294464609800372,,,-0.3045941898772088,-0.004161928411737015,False,False,False,False,False,False,False,0.3178571428571428,0.4517766497461929,0.3277153558052434,0.4441624365482233
expanded::GEO_GSE325587_GENERIC_CSV_PAIR_EXPANDED::Type A intercalated cell,expanded,GEO_GSE325587_GENERIC_CSV_PAIR_EXPANDED,Type A intercalated cell,51,26-100,0.151578947368421,0.1501103752759381,0.1576576576576576,0.1504424778761061,0.1449893390191897,,0.0477299185098952,0.1126373626373626,-0.0014685720924829115,-0.007547282381719506,-0.006589608349231307,-0.012668318638467901,,,-0.10384902885852582,-0.03894158473105841,False,False,False,False,False,False,False,0.0849056603773584,0.7058823529411765,0.0845771144278607,0.6666666666666666
expanded::GEO_GSE325587_GENERIC_CSV_PAIR_EXPANDED::Type B intercalated cell,expanded,GEO_GSE325587_GENERIC_CSV_PAIR_EXPANDED,Type B intercalated cell,48,26-100,0.1957446808510638,0.2054794520547945,0.2048997772828507,0.1956521739130434,0.2044444444444444,,0.058663028649386,0.150753768844221,0.009734771203730702,0.0005796747719438167,0.008699763593380594,-0.0010350076103501082,,,-0.1370816522016778,-0.0449909120068428,False,False,False,False,False,False,False,0.1090047393364928,0.9583333333333334,0.1153846153846153,0.9375
expanded::GEO_GSE326743_GENERIC_XENIUM_EXPANDED::Arterial endothelial cells (KDR+ CD34+),expanded,GEO_GSE326743_GENERIC_XENIUM_EXPANDED,Arterial endothelial cells (KDR+ CD34+),2500,>1000,0.6449543547989145,0.6380975972256626,0.6417615042058387,0.6359811927740658,0.6405132000986924,,0.6278065630397237,0.7151215121512151,-0.0068567575732518815,-0.0068567575732518815,-0.004441154700222105,-0.004441154700222105,,,-0.01714779175919079,0.07016715735230061,False,False,False,False,False,False,False,0.8415969092079846,0.5228,0.8379960962914769,0.5152
expanded::GEO_GSE326743_GENERIC_XENIUM_EXPANDED::B cell zone reticular cells CXCL13+MADCAM1+,expanded,GEO_GSE326743_GENERIC_XENIUM_EXPANDED,B cell zone reticular cells CXCL13+MADCAM1+,2500,>1000,0.5151849806736609,0.5199138858988159,0.5141600219961506,0.5092108880945835,0.5125408942202835,,0.3963771976558338,0.4830917874396135,0.004728905225155011,0.004728905225155011,-0.0026440864533774366,-0.007372991678532448,,,-0.11880778301782713,-0.03209319323404741,False,False,False,False,False,False,False,0.8315508021390374,0.3732,0.7944078947368421,0.3864
expanded::GEO_GSE326743_GENERIC_XENIUM_EXPANDED::B cells,expanded,GEO_GSE326743_GENERIC_XENIUM_EXPANDED,B cells,502,501-1000,0.3804347826086956,0.381139489194499,0.3673740053050398,0.408223201174743,0.3783068783068783,,0.1402961808261886,0.2752761257434155,0.0007047065858034052,-0.027083711980243952,-0.002127904301817307,-0.029916322867864664,,,-0.240138601782507,-0.10515865686528014,False,False,False,False,False,False,False,0.2886597938144329,0.5577689243027888,0.2839024390243902,0.5796812749003984
"expanded::GEO_GSE326743_GENERIC_XENIUM_EXPANDED::B cells, follicular",expanded,GEO_GSE326743_GENERIC_XENIUM_EXPANDED,"B cells, follicular",2500,>1000,0.4477292202227934,0.4419586323343182,0.4455891822279459,0.4178579283043765,0.4561834561834561,,0.3100582672652593,0.4052272464438534,-0.005770587888475176,-0.005770587888475176,0.008454235960662748,0.008454235960662748,,,-0.13767095295753407,-0.042501973778939994,False,False,False,False,False,False,False,0.4820110701107011,0.418,0.467828418230563,0.4188
"expanded::GEO_GSE326743_GENERIC_XENIUM_EXPANDED::B cells, marginal zone",expanded,GEO_GSE326743_GENERIC_XENIUM_EXPANDED,"B cells, marginal zone",2500,>1000,0.4267249950288327,0.4326514859127749,0.428232502965599,0.4180052297347777,0.4264735465701066,,0.1668848167539266,0.255701895277867,0.005926490883942204,0.004418982947175909,-0.0002514484587261001,-0.006177939342668304,,,-0.25984017827490613,-0.1710230997509657,False,False,False,False,False,False,False,0.4242783708975879,0.4292,0.4179716629381059,0.4484
expanded::GEO_GSE326743_GENERIC_XENIUM_EXPANDED::CXCL13+ marginal zone stromal cells,expanded,GEO_GSE326743_GENERIC_XENIUM_EXPANDED,CXCL13+ marginal zone stromal cells,2275,>1000,0.635048001146296,0.6217732884399552,0.6310693435853624,0.6350344036697247,0.628741665484466,,0.4556006964596633,0.7341902313624679,-0.013274712706340841,-0.013274712706340841,-0.0063063356618300315,-0.0063063356618300315,,,-0.17944730468663272,0.09914223021617186,False,False,False,False,True,False,False,0.4710884353741497,0.974065934065934,0.456624768184628,0.974065934065934
expanded::GEO_GSE326743_GENERIC_XENIUM_EXPANDED::DC1,expanded,GEO_GSE326743_GENERIC_XENIUM_EXPANDED,DC1,31,26-100,0.0172413793103448,0.0171232876712328,0.0174216027874564,0.0165837479270315,0.0207612456747404,,0.0064205457463884,0.0219298245614035,-0.00011809163911200016,-0.0002983151162236006,0.0035198663643956005,0.003339642887284,,,-0.0108208335639564,0.004688445251058701,False,False,False,False,False,False,False,0.0091074681238615,0.1612903225806451,0.0090415913200723,0.1612903225806451
expanded::GEO_GSE326743_GENERIC_XENIUM_EXPANDED::DC2 and DC1,expanded,GEO_GSE326743_GENERIC_XENIUM_EXPANDED,DC2 and DC1,1926,>1000,0.6804707933740192,0.6904761904761904,0.6873760740251156,0.6873476623088854,0.6910062333036511,,0.525008506294658,0.6563255439161966,0.010005397102171187,0.0031001164510747747,0.010535439929631907,0.0005300428274607194,,,-0.15546228707936116,-0.024145249457822593,False,False,False,True,False,True,False,0.5864012021036814,0.8104880581516095,0.6084718923198733,0.7980269989615784
expanded::GEO_GSE326743_GENERIC_XENIUM_EXPANDED::Erythroid,expanded,GEO_GSE326743_GENERIC_XENIUM_EXPANDED,Erythroid,2500,>1000,0.7354784788967822,0.7405699916177703,0.7361344537815125,0.7364016736401674,0.7393305439330543,,0.5725847243297926,0.7024045885726892,0.005091512720988067,0.0041683179776028645,0.003852065036272112,-0.0012394476847159552,,,-0.16289375456698962,-0.033073890324093025,False,False,False,False,False,False,False,0.7699037620297463,0.704,0.7777288732394366,0.7068
expanded::GEO_GSE326743_GENERIC_XENIUM_EXPANDED::Follicular / marginal-zone-interface B cells,expanded,GEO_GSE326743_GENERIC_XENIUM_EXPANDED,Follicular / marginal-zone-interface B cells,2500,>1000,0.298837538984973,0.3051834595224228,0.2973893303064699,0.279869552327305,0.3008340523439746,,0.0701754385964912,0.0682926829268292,0.006345920537449812,0.006345920537449812,0.0019965133590015838,-0.004349407178448228,,,-0.2286621003884818,-0.2305448560581438,False,False,False,False,False,False,False,0.5131450827653359,0.2108,0.5610278372591007,0.2096
expanded::GEO_GSE326743_GENERIC_XENIUM_EXPANDED::Follicular dendritic cells (FDCSP+),expanded,GEO_GSE326743_GENERIC_XENIUM_EXPANDED,Follicular dendritic cells (FDCSP+),455,101-500,0.2135048231511253,0.1869158878504673,0.2114764667956157,0.2216838279830406,0.1971303805364941,,0.1669272869429241,0.2798812175204157,-0.02658893530065798,-0.03476794013257328,-0.016374442614631196,-0.0245534474465465,,,-0.04657753620820118,0.06637639436929044,False,False,False,False,True,False,True,0.1509090909090909,0.3648351648351648,0.1304347826086956,0.3296703296703296
"expanded::GEO_GSE326743_GENERIC_XENIUM_EXPANDED::Germinal center B cells, proliferating",expanded,GEO_GSE326743_GENERIC_XENIUM_EXPANDED,"Germinal center B cells, proliferating",1879,>1000,0.5906401291016675,0.5996295316221222,0.5877333333333334,0.5877528704209951,0.5989389920424404,,0.5109458023379383,0.6979222163026105,0.008989402520454659,0.008989402520454659,0.008298862940772866,-0.0006905395796817926,,,-0.07969432676372923,0.10728208720094301,False,False,False,False,False,False,False,0.5970636215334421,0.584353379457158,0.5963157894736842,0.602980308674827
expanded::GEO_GSE326743_GENERIC_XENIUM_EXPANDED::Marginal zone reticular cells CXCL13+NGFR+MADCAM1-,expanded,GEO_GSE326743_GENERIC_XENIUM_EXPANDED,Marginal zone reticular cells CXCL13+NGFR+MADCAM1-,2500,>1000,0.6128334534967557,0.603690036900369,0.6067902720924633,0.6088013615365913,0.6088019559902201,,0.4883720930232558,0.6293269230769231,-0.009143416596386622,-0.009143416596386622,-0.004031497506535531,-0.004031497506535531,,,-0.12446136047349987,0.016493469580167397,False,False,False,False,False,False,False,0.7676098735701384,0.51,0.7840255591054313,0.4908
expanded::GEO_GSE326743_GENERIC_XENIUM_EXPANDED::Metamyelocyte/Band Neutrophils DEFA1+,expanded,GEO_GSE326743_GENERIC_XENIUM_EXPANDED,Metamyelocyte/Band Neutrophils DEFA1+,2500,>1000,0.1338582677165354,0.1339739966082532,0.1343494213942986,0.1379117811278615,0.1361845807540799,,0.0445619335347432,0.1021623315575054,0.00011572889171782008,-0.0039377845196083006,0.0023263130375445196,-0.001727200373781601,,,-0.0892963341817922,-0.03169593615902999,False,False,False,False,False,False,False,0.2253787878787878,0.0952,0.2283236994219653,0.0948
expanded::GEO_GSE326743_GENERIC_XENIUM_EXPANDED::Monocytes,expanded,GEO_GSE326743_GENERIC_XENIUM_EXPANDED,Monocytes,2500,>1000,0.8335698357997163,0.8334690553745928,0.8361788617886179,0.8332320162107396,0.834281072298944,,0.5378541569902462,0.8093865788390283,-0.00010078042512351448,-0.0027098064140250733,0.0007112364992276632,-0.0018977894896738956,,,-0.29571567880947014,-0.024183256960688015,False,False,False,False,False,False,False,0.8450472667488698,0.8224,0.8486733001658375,0.8188
expanded::GEO_GSE326743_GENERIC_XENIUM_EXPANDED::NK cells,expanded,GEO_GSE326743_GENERIC_XENIUM_EXPANDED,NK cells,2500,>1000,0.8128155339805826,0.8151898734177215,0.8130333591931731,0.810673938449552,0.8162151627363087,,0.595018949648078,0.8140908165343107,0.0023743394371389392,0.0021565142245484337,0.0033996287557260807,0.0010252893185871415,,,-0.2177965843325046,0.0012752825537281076,False,False,False,False,False,False,False,0.7898113207547169,0.8372,0.7943074003795066,0.8372
expanded::GEO_GSE326743_GENERIC_XENIUM_EXPANDED::Neutrophils,expanded,GEO_GSE326743_GENERIC_XENIUM_EXPANDED,Neutrophils,2500,>1000,0.6441798941798942,0.6425238835814264,0.6389196369271641,0.6401231852177738,0.6416351921795157,,0.3196319018404908,0.6041125029543842,-0.0016560105984677609,-0.0016560105984677609,-0.002544702000378485,-0.002544702000378485,,,-0.3245479923394034,-0.04006739122550995,False,False,False,False,False,False,False,0.7175834970530451,0.5844,0.7226386806596702,0.5784
expanded::GEO_GSE326743_GENERIC_XENIUM_EXPANDED::Perifollicular zone macrophages,expanded,GEO_GSE326743_GENERIC_XENIUM_EXPANDED,Perifollicular zone macrophages,2500,>1000,0.5829879613183343,0.5928274222310284,0.5752246971473233,0.5848646512546927,0.5915156343357896,,0.4436723239342509,0.5555372173626011,0.009839460912694054,0.007962770976335687,0.008527673017455273,-0.0013117878952387807,,,-0.13931563738408342,-0.027450743955733214,False,False,False,False,False,False,False,0.5753798208024932,0.5908,0.5873576756968983,0.5984
expanded::GEO_GSE326743_GENERIC_XENIUM_EXPANDED::Plasma cells,expanded,GEO_GSE326743_GENERIC_XENIUM_EXPANDED,Plasma cells,2500,>1000,0.7335691677527463,0.7416158536585366,0.7315799291177019,0.7340585146286571,0.7411475099412991,,0.5981391227292867,0.7408270238788585,0.008046685905790274,0.0075573390298794285,0.0075783421885528,-0.0004683437172374738,,,-0.13543004502345957,0.007257856126112183,False,False,False,False,False,False,False,0.6861720654824103,0.788,0.7081513828238719,0.7784
expanded::GEO_GSE326743_GENERIC_XENIUM_EXPANDED::Promyelocyte,expanded,GEO_GSE326743_GENERIC_XENIUM_EXPANDED,Promyelocyte,2500,>1000,0.7609254498714653,0.7625246548323471,0.762547113667923,0.7560448201297425,0.762467967671989,,0.4742661075104841,0.746245960843946,0.0015992049608818393,-2.2458835575944747e-05,0.001542517800523724,-7.914599593406013e-05,,,-0.2866593423609812,-0.014679489027519255,False,False,False,False,False,False,False,0.7524442706296441,0.7696,0.7521400778210117,0.7732
expanded::GEO_GSE326743_GENERIC_XENIUM_EXPANDED::Red pulp fibroblasts,expanded,GEO_GSE326743_GENERIC_XENIUM_EXPANDED,Red pulp fibroblasts,2500,>1000,0.5494606380537067,0.5517882025081282,0.5411385111776909,0.5502863688430698,0.5533779109983858,,0.4226556238311515,0.5519908987485779,0.0023275644544215046,0.0015018336650584052,0.00391727294467914,0.0015897084902576353,,,-0.1268050142225552,0.002530260694871167,False,False,False,False,False,False,False,0.6445880452342488,0.4788,0.6578073089700996,0.4752
expanded::GEO_GSE326743_GENERIC_XENIUM_EXPANDED::Red pulp macrophages,expanded,GEO_GSE326743_GENERIC_XENIUM_EXPANDED,Red pulp macrophages,2500,>1000,0.5049465769687376,0.5125073862517234,0.5010945273631842,0.5114715189873418,0.5117010816125861,,0.211905440045571,0.4260355029585798,0.007560809282985859,0.0010358672643816513,0.0067545046438485246,-0.0008063046391373341,,,-0.2930411369231666,-0.07891107401015779,False,False,False,False,False,False,False,0.499608457321848,0.5104,0.5048506014745828,0.5204
expanded::GEO_GSE326743_GENERIC_XENIUM_EXPANDED::Sinusoidal endothelial cells (littoral cells),expanded,GEO_GSE326743_GENERIC_XENIUM_EXPANDED,Sinusoidal endothelial cells (littoral cells),2500,>1000,0.6165363500249542,0.6181089208152356,0.615794735088304,0.6099385075619079,0.6166416541604136,,0.4380570409982174,0.5894144540179357,0.0015725707902813912,0.0015725707902813912,0.00010530413545939421,-0.001467266654821997,,,-0.1784793090267368,-0.02712189600701853,False,False,False,False,False,False,False,0.5277698661350043,0.7412,0.5306942053930006,0.74
expanded::GEO_GSE326743_GENERIC_XENIUM_EXPANDED::Smooth muscle,expanded,GEO_GSE326743_GENERIC_XENIUM_EXPANDED,Smooth muscle,2500,>1000,0.2836509528585757,0.2806046412603789,0.2774543264404738,0.2822433691030572,0.2788237782949015,,0.0772058823529411,0.2560941440179322,-0.003046311598196849,-0.003046311598196849,-0.004827174563674208,-0.004827174563674208,,,-0.20644507050563463,-0.027556808840643543,False,False,False,False,False,False,False,0.2845070422535211,0.2828,0.299954483386436,0.2636
expanded::GEO_GSE326743_GENERIC_XENIUM_EXPANDED::T cell zone reticular cells CCL21+ CCL19+,expanded,GEO_GSE326743_GENERIC_XENIUM_EXPANDED,T cell zone reticular cells CCL21+ CCL19+,2500,>1000,0.6359366846408071,0.6354782608695652,0.6354782608695652,0.6345570899292691,0.6406926406926408,,0.4361646690984888,0.6473188545070152,-0.0004584237712419448,-0.0004584237712419448,0.004755956051833654,0.004755956051833654,,,-0.19977201554231833,0.011382169866208103,False,False,False,False,False,False,False,0.5626346568174823,0.7312,0.5621538461538461,0.7308
expanded::GEO_GSE326743_GENERIC_XENIUM_EXPANDED::T cell zone reticular cells CXCL9+,expanded,GEO_GSE326743_GENERIC_XENIUM_EXPANDED,T cell zone reticular cells CXCL9+,314,101-500,0.096551724137931,0.1001088139281828,0.0899122807017543,0.1037204058624577,0.101010101010101,,0.0630067176279823,0.1304670126019273,0.003557089790251794,-0.0036115919342749048,0.004458376872169989,-0.0027103048523567097,,,-0.03354500650994871,0.0339152884639963,False,False,False,False,False,False,False,0.0755395683453237,0.1337579617834395,0.0760330578512396,0.1464968152866242
expanded::GEO_GSE326743_GENERIC_XENIUM_EXPANDED::T cells,expanded,GEO_GSE326743_GENERIC_XENIUM_EXPANDED,T cells,2500,>1000,0.6663694456828653,0.660960960960961,0.6674594916010108,0.6664671554691006,0.6677740863787376,,0.4960629921259843,0.6772068511198946,-0.00540848472190425,-0.006498530640049793,0.0014046406958723168,0.00031459477772677324,,,-0.17030645355688095,0.01083740543702938,False,False,False,False,False,False,False,0.530148971388035,0.8968,0.5290865384615384,0.8804
expanded::GEO_GSE326743_GENERIC_XENIUM_EXPANDED::Tingible body macrophages,expanded,GEO_GSE326743_GENERIC_XENIUM_EXPANDED,Tingible body macrophages,1902,>1000,0.6357615894039736,0.6398401826484018,0.633964429145152,0.6165062700495771,0.6398184912081679,,0.5026570803376055,0.6214390602055799,0.004078593244428164,0.004078593244428164,0.004056901804194268,-2.1691440233895243e-05,,,-0.13310450906636817,-0.014322529198393719,False,False,False,False,False,False,False,0.7027371101209421,0.580441640378549,0.6997503121098627,0.5893796004206099
expanded::GEO_GSE326743_GENERIC_XENIUM_EXPANDED::Vascular smooth muscle cells,expanded,GEO_GSE326743_GENERIC_XENIUM_EXPANDED,Vascular smooth muscle cells,2500,>1000,0.4706501710976572,0.5553942912433479,0.4662447257383966,0.4747183652082787,0.5459433040078201,,0.7343293834793062,0.7304418321848399,0.08474412014569072,0.08067592603506923,0.07529313291016287,-0.009450987235527841,,,0.263679212381649,0.2597916610871827,True,False,False,True,False,True,False,0.6882217090069284,0.3576,0.7025703794369645,0.4592
"expanded::GEO_GSE326743_GENERIC_XENIUM_EXPANDED::gdT cells, NK cells, and T cells",expanded,GEO_GSE326743_GENERIC_XENIUM_EXPANDED,"gdT cells, NK cells, and T cells",2500,>1000,0.6557568673290474,0.6519249753208292,0.6550781250000001,0.654891304347826,0.6536050156739812,,0.4741935483870967,0.650329489291598,-0.0038318920082182073,-0.0038318920082182073,-0.0021518516550661504,-0.0021518516550661504,,,-0.18156331894195066,-0.005427378037449415,False,False,False,False,False,False,False,0.6391948347892138,0.6732,0.6436647173489278,0.6604
expanded::GEO_GSE327129_GENERIC_H5AD_EXPANDED::Cell-noNuc,expanded,GEO_GSE327129_GENERIC_H5AD_EXPANDED,Cell-noNuc,2500,>1000,0.6439964943032428,0.6331710709318499,0.6342487318523701,0.6330434782608696,0.6367275892080069,,0.5977777777777777,0.6401680966555771,-0.010825423371392917,-0.010825423371392917,-0.007268905095235922,-0.007268905095235922,,,-0.04621871652546505,-0.0038283976476657378,False,False,False,False,True,False,False,0.573166926677067,0.7348,0.5599630996309963,0.7284
expanded::GEO_GSE327129_GENERIC_H5AD_EXPANDED::Cell-oneNuc,expanded,GEO_GSE327129_GENERIC_H5AD_EXPANDED,Cell-oneNuc,2500,>1000,0.3511972633979475,0.3430808197098779,0.3457751316693382,0.3429228998849252,0.3421174294960702,,0.3259361997226074,0.3123301210773412,-0.008116443688069575,-0.008116443688069575,-0.009079833901877277,-0.009079833901877277,,,-0.02526106367534009,-0.038867142320606285,False,False,False,False,False,False,False,0.4084880636604774,0.308,0.4042322300596853,0.298
expanded::GEO_GSE327129_GENERIC_H5AD_EXPANDED::Cell-twoNuc,expanded,GEO_GSE327129_GENERIC_H5AD_EXPANDED,Cell-twoNuc,2303,>1000,0.4751992914083259,0.4677455109731766,0.4666076957098628,0.4681888716470849,0.474090407938258,,0.5155737704918032,0.5193894389438944,-0.007453780435149271,-0.007453780435149271,-0.0011088834700678785,-0.0011088834700678785,,,0.0403744790834773,0.04419014753556855,False,False,False,False,False,False,False,0.4848621780388613,0.4659140251845419,0.4778079710144927,0.4580981328701693
expanded::GEO_GSE327581_COSMX_AD_BRAIN_EXPANDED::Astrocytes.Bergmann.glia,expanded,GEO_GSE327581_COSMX_AD_BRAIN_EXPANDED,Astrocytes.Bergmann.glia,300,101-500,0.7099391480730224,0.7258064516129031,0.704,0.6763485477178424,0.7395626242544732,,0.1910424098295679,0.4162633107454017,0.01586730353988075,0.01586730353988075,0.02962347618145078,0.01375617264157003,,,-0.5188967382434545,-0.2936758373276207,True,True,False,True,False,True,False,0.9067357512953368,0.5833333333333334,0.9183673469387756,0.6
expanded::GEO_GSE327581_COSMX_AD_BRAIN_EXPANDED::Astrocytes.cortex.hippocampus,expanded,GEO_GSE327581_COSMX_AD_BRAIN_EXPANDED,Astrocytes.cortex.hippocampus,300,101-500,0.3576158940397351,0.4103671706263498,0.3698924731182796,0.4129032258064515,0.3832599118942731,,0.0745341614906832,0.3037974683544304,0.052751276586614715,-0.002536055180101693,0.025644017854538015,-0.029643313912178393,,,-0.2830817325490519,-0.053818425685304705,False,False,False,True,False,True,False,0.5294117647058824,0.27,0.5828220858895705,0.3166666666666666
expanded::GEO_GSE327581_COSMX_AD_BRAIN_EXPANDED::Astrocytes.thalamus.hypothalamus,expanded,GEO_GSE327581_COSMX_AD_BRAIN_EXPANDED,Astrocytes.thalamus.hypothalamus,300,101-500,0.6717850287907869,0.7085714285714284,0.6431372549019607,0.6471734892787524,0.7091932457786115,,0.1763224181360201,0.4,0.036786399780641466,0.036786399780641466,0.037408216987824594,0.0006218172071831285,,,-0.4954626106547668,-0.2717850287907869,True,False,False,True,False,True,False,0.7918552036199095,0.5833333333333334,0.8266666666666667,0.62
expanded::GEO_GSE327581_COSMX_AD_BRAIN_EXPANDED::CCK.interneurons,expanded,GEO_GSE327581_COSMX_AD_BRAIN_EXPANDED,CCK.interneurons,300,101-500,0.7242524916943522,0.7245409015025042,0.7166666666666667,0.7152317880794702,0.7194719471947195,,0.3292894280762565,0.6676875957120981,0.00028840980815192374,0.00028840980815192374,-0.004780544499632722,-0.0050689543077846455,,,-0.39496306361809574,-0.056564895982254115,False,False,False,False,False,False,False,0.7218543046357616,0.7266666666666667,0.725752508361204,0.7233333333333334
expanded::GEO_GSE327581_COSMX_AD_BRAIN_EXPANDED::Cajal.Retzius.cells,expanded,GEO_GSE327581_COSMX_AD_BRAIN_EXPANDED,Cajal.Retzius.cells,194,101-500,0.185022026431718,0.1922196796338673,0.1796008869179601,0.1684981684981685,0.2009685230024213,,0.0,0.1857923497267759,0.007197653202149296,0.007197653202149296,0.015946496570703295,0.008748843368553999,,,-0.185022026431718,0.000770323295057912,False,False,False,False,False,True,False,0.1176470588235294,0.4329896907216495,0.1235294117647058,0.4329896907216495
expanded::GEO_GSE327581_COSMX_AD_BRAIN_EXPANDED::Cholinergic.neurons.habenula,expanded,GEO_GSE327581_COSMX_AD_BRAIN_EXPANDED,Cholinergic.neurons.habenula,300,101-500,0.4577861163227018,0.4638783269961977,0.4595103578154426,0.4618249534450652,0.4655493482309124,,0.0560747663551401,0.4099616858237548,0.0060922106734959125,0.002053373551132498,0.007763231908210599,0.0016710212347146869,,,-0.4017113499675617,-0.04782443049894697,False,False,False,False,False,False,False,0.5236051502145923,0.4066666666666667,0.5398230088495575,0.4066666666666667
expanded::GEO_GSE327581_COSMX_AD_BRAIN_EXPANDED::Choroid.plexus.epithelial.cells,expanded,GEO_GSE327581_COSMX_AD_BRAIN_EXPANDED,Choroid.plexus.epithelial.cells,300,101-500,0.9417637271214644,0.9329073482428116,0.9344262295081968,0.933977455716586,0.9344,,0.5231316725978649,0.9122257053291536,-0.00885637887865276,-0.00885637887865276,-0.007363727121464381,-0.007363727121464381,,,-0.41863205452359953,-0.029538021792310798,False,False,False,False,False,False,False,0.9401993355481728,0.9433333333333334,0.8957055214723927,0.9733333333333334
expanded::GEO_GSE327581_COSMX_AD_BRAIN_EXPANDED::Committed.oligodendrocytes,expanded,GEO_GSE327581_COSMX_AD_BRAIN_EXPANDED,Committed.oligodendrocytes,300,101-500,0.3988970588235295,0.3955431754874652,0.3955841766329346,0.3955014058106842,0.3944444444444444,,0.3196979232221523,0.376,-0.0033538833360642895,-0.0033538833360642895,-0.004452614379085118,-0.004452614379085118,,,-0.0791991356013772,-0.022897058823529493,False,False,False,False,False,False,False,0.2753807106598985,0.7233333333333334,0.2741312741312741,0.71
expanded::GEO_GSE327581_COSMX_AD_BRAIN_EXPANDED::D1.medium.spiny.neurons,expanded,GEO_GSE327581_COSMX_AD_BRAIN_EXPANDED,D1.medium.spiny.neurons,300,101-500,0.7298050139275766,0.7227586206896551,0.7232267037552157,0.6699751861042185,0.7303370786516854,,0.451231527093596,0.6468401486988847,-0.0070463932379214445,-0.0070463932379214445,0.0005320647241088272,0.0005320647241088272,,,-0.2785734868339806,-0.08296486522869184,False,False,False,False,False,False,False,0.6267942583732058,0.8733333333333333,0.6164705882352941,0.8733333333333333
expanded::GEO_GSE327581_COSMX_AD_BRAIN_EXPANDED::D2.medium.spiny.neurons,expanded,GEO_GSE327581_COSMX_AD_BRAIN_EXPANDED,D2.medium.spiny.neurons,300,101-500,0.6475716064757162,0.6607142857142857,0.6508135168961201,0.6458616010854817,0.6445264452644526,,0.4377358490566038,0.5125284738041002,0.013142679238569488,0.009900768818165595,-0.003045161211263636,-0.016187840449833124,,,-0.20983575741911242,-0.13504313267161605,False,False,False,True,False,False,False,0.5168986083499006,0.8666666666666667,0.5351239669421488,0.8633333333333333
expanded::GEO_GSE327581_COSMX_AD_BRAIN_EXPANDED::Dopaminergic.neurons,expanded,GEO_GSE327581_COSMX_AD_BRAIN_EXPANDED,Dopaminergic.neurons,300,101-500,0.6971736204576043,0.7082767978290366,0.7009472259810554,0.7115384615384616,0.7073170731707317,,0.5537190082644629,0.6302083333333334,0.011103177371432293,-0.0032616637094249334,0.010143452713127332,-0.004221388367729895,,,-0.14345461219314148,-0.06696528712427097,False,False,False,True,False,True,False,0.5846501128668171,0.8633333333333333,0.597254004576659,0.87
expanded::GEO_GSE327581_COSMX_AD_BRAIN_EXPANDED::Ependymal.cells,expanded,GEO_GSE327581_COSMX_AD_BRAIN_EXPANDED,Ependymal.cells,300,101-500,0.8628158844765342,0.8791593695271454,0.8581687612208259,0.864376130198915,0.8719723183391004,,0.2506393861892583,0.8113207547169811,0.016343485050611117,0.014783239328230335,0.009156433862566149,-0.007187051188044968,,,-0.6121764982872759,-0.05149512975955317,True,False,False,True,False,False,False,0.9409448818897638,0.7966666666666666,0.92619926199262,0.8366666666666667
expanded::GEO_GSE327581_COSMX_AD_BRAIN_EXPANDED::Excitatory.neurons.amygdala,expanded,GEO_GSE327581_COSMX_AD_BRAIN_EXPANDED,Excitatory.neurons.amygdala,300,101-500,0.2005277044854881,0.1868131868131868,0.1868131868131868,0.1999999999999999,0.1847826086956522,,0.0333333333333333,0.2144522144522144,-0.013714517672301307,-0.013714517672301307,-0.015745095789835906,-0.015745095789835906,,,-0.1671943711521548,0.013924509966726312,False,False,False,False,True,False,True,0.4810126582278481,0.1266666666666666,0.53125,0.1133333333333333
expanded::GEO_GSE327581_COSMX_AD_BRAIN_EXPANDED::Excitatory.neurons.di.mesencephalon,expanded,GEO_GSE327581_COSMX_AD_BRAIN_EXPANDED,Excitatory.neurons.di.mesencephalon,300,101-500,0.7083333333333333,0.7162329615861215,0.7135802469135802,0.7074663402692779,0.7127003699136869,,0.5707964601769911,0.7624309392265193,0.007899628252788227,0.0026527146725412454,0.004367036580353645,-0.003532591672434582,,,-0.1375368731563421,0.05409760589318602,False,False,False,False,False,False,False,0.560077519379845,0.9633333333333334,0.5700197238658777,0.9633333333333334
expanded::GEO_GSE327581_COSMX_AD_BRAIN_EXPANDED::Excitatory.neurons.hippocampal.CA1,expanded,GEO_GSE327581_COSMX_AD_BRAIN_EXPANDED,Excitatory.neurons.hippocampal.CA1,300,101-500,0.7677725118483413,0.7910685805422647,0.7687400318979266,0.7455621301775148,0.7929373996789728,,0.2434210526315789,0.7004608294930875,0.023296068693923422,0.022328548644338087,0.025164887830631533,0.0018688191367081108,,,-0.5243514592167624,-0.06731168235525375,True,False,False,True,False,True,False,0.7297297297297297,0.81,0.7584097859327217,0.8266666666666667
expanded::GEO_GSE327581_COSMX_AD_BRAIN_EXPANDED::Excitatory.neurons.hippocampal.CA2,expanded,GEO_GSE327581_COSMX_AD_BRAIN_EXPANDED,Excitatory.neurons.hippocampal.CA2,300,101-500,0.448512585812357,0.4635761589403974,0.4224719101123595,0.4114832535885167,0.4700665188470067,,0.2506350550381033,0.4537037037037037,0.015063573128040408,0.015063573128040408,0.021553933034649697,0.006490359906609289,,,-0.19787753077425368,0.0051911178913467415,True,False,False,True,False,True,False,0.7153284671532847,0.3266666666666666,0.6862745098039216,0.35
expanded::GEO_GSE327581_COSMX_AD_BRAIN_EXPANDED::Excitatory.neurons.hippocampal.CA3,expanded,GEO_GSE327581_COSMX_AD_BRAIN_EXPANDED,Excitatory.neurons.hippocampal.CA3,300,101-500,0.5408062930186824,0.562691131498471,0.5434782608695652,0.5598377281947262,0.5617283950617283,,0.0,0.6050870147255689,0.021884838479788615,0.002853403303744839,0.020922102043045898,-0.0009627364367427171,,,-0.5408062930186824,0.06428072170688648,False,False,False,True,False,True,False,0.3835425383542538,0.9166666666666666,0.4052863436123348,0.92
expanded::GEO_GSE327581_COSMX_AD_BRAIN_EXPANDED::Excitatory.neurons.layer.1.piriform,expanded,GEO_GSE327581_COSMX_AD_BRAIN_EXPANDED,Excitatory.neurons.layer.1.piriform,300,101-500,0.310077519379845,0.3324808184143222,0.3467336683417085,0.373134328358209,0.3005181347150259,,0.0,0.2071005917159763,0.022403299034477187,-0.04065350994388678,-0.009559384664819093,-0.07261619364318306,,,-0.310077519379845,-0.1029769276638687,False,False,False,True,False,False,False,0.6896551724137931,0.2,0.7142857142857143,0.2166666666666666
expanded::GEO_GSE327581_COSMX_AD_BRAIN_EXPANDED::Excitatory.neurons.layer.2.3,expanded,GEO_GSE327581_COSMX_AD_BRAIN_EXPANDED,Excitatory.neurons.layer.2.3,300,101-500,0.498371335504886,0.5163297045101088,0.495114006514658,0.5325077399380805,0.5067064083457525,,0.2107081174438687,0.4845605700712589,0.01795836900522285,-0.016178035427971693,0.008335072840866542,-0.025801331592328003,,,-0.2876632180610173,-0.013810765433627081,False,False,False,True,False,False,False,0.4872611464968153,0.51,0.4839650145772595,0.5533333333333333
expanded::GEO_GSE327581_COSMX_AD_BRAIN_EXPANDED::Excitatory.neurons.layer.4,expanded,GEO_GSE327581_COSMX_AD_BRAIN_EXPANDED,Excitatory.neurons.layer.4,300,101-500,0.1415094339622641,0.1320754716981132,0.162037037037037,0.1153846153846153,0.1392111368909512,,0.4114832535885168,0.1232492997198879,-0.009433962264150886,-0.0299615653389238,-0.0022982970713129047,-0.02282590014608582,,,0.26997381962625266,-0.018260134242376186,False,False,False,False,False,False,False,0.2419354838709677,0.1,0.2258064516129032,0.0933333333333333
expanded::GEO_GSE327581_COSMX_AD_BRAIN_EXPANDED::Excitatory.neurons.layer.5,expanded,GEO_GSE327581_COSMX_AD_BRAIN_EXPANDED,Excitatory.neurons.layer.5,300,101-500,0.3835616438356165,0.3869565217391304,0.379862700228833,0.405857740585774,0.3847874720357942,,0.0066445182724252,0.35,0.0033948779035139487,-0.018901218846643586,0.0012258282001777476,-0.021070268549979787,,,-0.3769171255631913,-0.033561643835616495,False,False,False,False,False,False,False,0.6086956521739131,0.28,0.55625,0.2966666666666667
expanded::GEO_GSE327581_COSMX_AD_BRAIN_EXPANDED::Excitatory.neurons.layer.6,expanded,GEO_GSE327581_COSMX_AD_BRAIN_EXPANDED,Excitatory.neurons.layer.6,300,101-500,0.565597667638484,0.5687830687830688,0.5536723163841808,0.5750798722044729,0.5648021828103682,,0.0,0.606060606060606,0.0031854011445848762,-0.00629680342140404,-0.0007954848281157556,-0.010277689394104672,,,-0.565597667638484,0.04046293842212201,False,False,False,False,False,False,False,0.5025906735751295,0.6466666666666666,0.4714912280701754,0.7166666666666667
expanded::GEO_GSE327581_COSMX_AD_BRAIN_EXPANDED::Excitatory.neurons.telencephalon,expanded,GEO_GSE327581_COSMX_AD_BRAIN_EXPANDED,Excitatory.neurons.telencephalon,300,101-500,0.1792828685258964,0.1916666666666666,0.1747967479674796,0.1852631578947368,0.1926229508196721,,0.0066445182724252,0.171306209850107,0.012383798140770202,0.0064035087719298,0.013340082293775701,0.0009562841530054988,,,-0.17263835025347118,-0.007976658675789394,False,False,False,True,False,True,False,0.2227722772277227,0.15,0.2555555555555555,0.1533333333333333
expanded::GEO_GSE327581_COSMX_AD_BRAIN_EXPANDED::Granule.neurons,expanded,GEO_GSE327581_COSMX_AD_BRAIN_EXPANDED,Granule.neurons,300,101-500,0.8636363636363636,0.8494077834179358,0.8448275862068966,0.8620689655172413,0.8634812286689421,,0.5433186490455214,0.8076923076923077,-0.014228580218427878,-0.014228580218427878,-0.0001551349674215885,-0.0001551349674215885,,,-0.32031771459084224,-0.05594405594405594,False,False,False,False,True,False,False,0.9080882352941176,0.8233333333333334,0.8625429553264605,0.8366666666666667
expanded::GEO_GSE327581_COSMX_AD_BRAIN_EXPANDED::Hindbrain.excitatory.neurons,expanded,GEO_GSE327581_COSMX_AD_BRAIN_EXPANDED,Hindbrain.excitatory.neurons,300,101-500,0.5662285136501517,0.5720122574055158,0.5696846388606307,0.5702647657841141,0.5770020533880903,,0.2168021680216802,0.6262857142857142,0.005783743755364057,0.0017474916214016423,0.010773539737938598,0.004989795982574541,,,-0.3494263456284715,0.060057200635562524,False,False,False,False,False,True,False,0.4063860667634252,0.9333333333333332,0.4123711340206185,0.9333333333333332
expanded::GEO_GSE327581_COSMX_AD_BRAIN_EXPANDED::Hindbrain.inhibitory.neurons,expanded,GEO_GSE327581_COSMX_AD_BRAIN_EXPANDED,Hindbrain.inhibitory.neurons,300,101-500,0.45,0.4661016949152542,0.4439834024896266,0.4674796747967479,0.4560669456066946,,0.1743869209809264,0.4655172413793103,0.016101694915254205,-0.001377979881493685,0.006066945606694574,-0.011412729190053317,,,-0.2756130790190736,0.015517241379310265,False,False,False,True,False,False,False,0.6,0.36,0.6395348837209303,0.3666666666666666
expanded::GEO_GSE327581_COSMX_AD_BRAIN_EXPANDED::Hypendymal,expanded,GEO_GSE327581_COSMX_AD_BRAIN_EXPANDED,Hypendymal,300,101-500,0.5397170837867247,0.5398907103825137,0.5320304017372421,0.5397170837867247,0.5458515283842795,,0.0132450331125827,0.5964071856287425,0.00017362659578901152,0.00017362659578901152,0.006134444597554856,0.005960818001765844,,,-0.5264720506741419,0.05669010184201784,False,False,False,False,False,False,False,0.4006462035541195,0.8266666666666667,0.4016260162601626,0.8233333333333334
expanded::GEO_GSE327581_COSMX_AD_BRAIN_EXPANDED::Inhibitory.interneurons,expanded,GEO_GSE327581_COSMX_AD_BRAIN_EXPANDED,Inhibitory.interneurons,300,101-500,0.7459459459459459,0.7581227436823104,0.7392857142857143,0.7345454545454546,0.7572463768115942,,0.3547904191616767,0.733229329173167,0.012176797736364486,0.012176797736364486,0.011300430865648359,-0.0008763668707161276,,,-0.3911555267842692,-0.01271661677277891,True,False,False,True,False,True,False,0.8117647058823529,0.69,0.8267716535433071,0.7
expanded::GEO_GSE327581_COSMX_AD_BRAIN_EXPANDED::Inhibitory.neurons.amygdala,expanded,GEO_GSE327581_COSMX_AD_BRAIN_EXPANDED,Inhibitory.neurons.amygdala,300,101-500,0.4166666666666667,0.4303178484107579,0.43,0.4423076923076923,0.4264705882352941,,0.006578947368421,0.3723404255319149,0.01365118174409119,-0.011989843896934416,0.009803921568627416,-0.01583710407239819,,,-0.41008771929824567,-0.04432624113475181,False,False,False,True,False,False,False,0.7870370370370371,0.2833333333333333,0.8073394495412844,0.2933333333333333
expanded::GEO_GSE327581_COSMX_AD_BRAIN_EXPANDED::Inhibitory.neurons.habenula.hypothalamus,expanded,GEO_GSE327581_COSMX_AD_BRAIN_EXPANDED,Inhibitory.neurons.habenula.hypothalamus,300,101-500,0.3450789793438639,0.3529411764705882,0.3443223443223442,0.3451652386780905,0.3507462686567164,,0.1333333333333333,0.2944297082228116,0.007862197126724313,0.007775937792497689,0.005667289312852486,-0.002194907813871827,,,-0.21174564601053059,-0.050649271121052275,False,False,False,False,False,False,False,0.27151051625239,0.4733333333333333,0.282565130260521,0.47
expanded::GEO_GSE327581_COSMX_AD_BRAIN_EXPANDED::Inhibitory.neurons.habenula.thalamus,expanded,GEO_GSE327581_COSMX_AD_BRAIN_EXPANDED,Inhibitory.neurons.habenula.thalamus,300,101-500,0.1542699724517906,0.1643835616438356,0.1487603305785124,0.1546961325966851,0.1602209944751381,,0.0,0.1699716713881019,0.010113589192044997,0.009687429047150503,0.005951022023347491,-0.004162567168697506,,,-0.1542699724517906,0.015701698936311292,False,False,False,True,False,False,False,0.4444444444444444,0.0933333333333333,0.4615384615384615,0.1
expanded::GEO_GSE327581_COSMX_AD_BRAIN_EXPANDED::Inhibitory.neurons.reticular.nucleus,expanded,GEO_GSE327581_COSMX_AD_BRAIN_EXPANDED,Inhibitory.neurons.reticular.nucleus,300,101-500,0.5225409836065573,0.5441020191285866,0.5284974093264249,0.5288562434417629,0.542948038176034,,0.3283582089552238,0.5023255813953488,0.02156103552202926,0.015245775686823726,0.020407054569476668,-0.0011539809525525913,,,-0.19418277465133355,-0.020215402211208544,True,False,False,True,False,True,False,0.3772189349112426,0.85,0.3993759750390016,0.8533333333333334
expanded::GEO_GSE327581_COSMX_AD_BRAIN_EXPANDED::Interneuron.selective.interneurons,expanded,GEO_GSE327581_COSMX_AD_BRAIN_EXPANDED,Interneuron.selective.interneurons,300,101-500,0.4415011037527593,0.4330357142857142,0.4342105263157895,0.4266666666666667,0.4285714285714285,,0.1924198250728863,0.3813559322033898,-0.008465389467045115,-0.008465389467045115,-0.012929675181330813,-0.012929675181330813,,,-0.249081278679873,-0.06014517154936949,False,False,False,False,False,False,True,0.6535947712418301,0.3333333333333333,0.6554054054054054,0.3233333333333333
expanded::GEO_GSE327581_COSMX_AD_BRAIN_EXPANDED::Interneurons,expanded,GEO_GSE327581_COSMX_AD_BRAIN_EXPANDED,Interneurons,300,101-500,0.8218749999999999,0.8262910798122066,0.8240887480190174,0.8108108108108109,0.8217054263565893,,0.4872918492550394,0.7764060356652949,0.004416079812206708,0.002202331793189183,-0.00016957364341063652,-0.0045856534556173445,,,-0.33458315074496053,-0.04546896433470504,False,False,False,False,False,False,False,0.7735294117647059,0.8766666666666667,0.7787610619469026,0.88
expanded::GEO_GSE327581_COSMX_AD_BRAIN_EXPANDED::Mature.oligodendrocytes,expanded,GEO_GSE327581_COSMX_AD_BRAIN_EXPANDED,Mature.oligodendrocytes,300,101-500,0.0066445182724252,0.0066445182724252,0.0066445182724252,0.0066445182724252,0.0066225165562913,,0.0,0.0,0.0,0.0,-2.2001716133900236e-05,-2.2001716133900236e-05,,,-0.0066445182724252,-0.0066445182724252,False,False,False,False,False,False,False,1.0,0.0033333333333333,1.0,0.0033333333333333
expanded::GEO_GSE327581_COSMX_AD_BRAIN_EXPANDED::Microglia,expanded,GEO_GSE327581_COSMX_AD_BRAIN_EXPANDED,Microglia,300,101-500,0.6219653179190752,0.6426858513189448,0.6018518518518519,0.628099173553719,0.6308243727598566,,0.5547226386806596,0.6315789473684211,0.02072053339986968,0.01458667776522582,0.008859054840781422,-0.011861478559088257,,,-0.06724267923841554,0.009613629449345962,True,False,False,True,False,False,False,0.4761061946902655,0.8966666666666666,0.50187265917603,0.8933333333333333
expanded::GEO_GSE327581_COSMX_AD_BRAIN_EXPANDED::Myelin.forming.oligodendrocytes,expanded,GEO_GSE327581_COSMX_AD_BRAIN_EXPANDED,Myelin.forming.oligodendrocytes,300,101-500,0.0064516129032258,0.0377358490566037,0.018808777429467,0.0670731707317073,0.0192307692307692,,0.0,0.0,0.0312842361533779,-0.02933732167510359,0.0127791563275434,-0.04784240150093809,,,-0.0064516129032258,-0.0064516129032258,False,False,False,True,False,True,False,0.1,0.0033333333333333,0.3333333333333333,0.02
expanded::GEO_GSE327581_COSMX_AD_BRAIN_EXPANDED::Neuroblasts,expanded,GEO_GSE327581_COSMX_AD_BRAIN_EXPANDED,Neuroblasts,300,101-500,0.4176904176904176,0.4137931034482759,0.3778337531486146,0.4492753623188406,0.4088669950738916,,0.1,0.3851851851851852,-0.0038973142421416807,-0.035482258870564665,-0.008823422616525967,-0.04040836724494895,,,-0.3176904176904176,-0.032505232505232406,False,False,False,False,False,False,False,0.794392523364486,0.2833333333333333,0.7924528301886793,0.28
expanded::GEO_GSE327581_COSMX_AD_BRAIN_EXPANDED::Neurogliaform.cells,expanded,GEO_GSE327581_COSMX_AD_BRAIN_EXPANDED,Neurogliaform.cells,300,101-500,0.745697896749522,0.7352380952380952,0.7304015296367113,0.7213740458015269,0.7293666026871402,,0.2699619771863117,0.6710097719869706,-0.01045980151142678,-0.01045980151142678,-0.016331294062381874,-0.016331294062381874,,,-0.4757359195632103,-0.07468812476255138,False,False,False,False,True,False,True,0.874439461883408,0.65,0.8577777777777778,0.6433333333333333
expanded::GEO_GSE327581_COSMX_AD_BRAIN_EXPANDED::Newly.formed.oligodendrocytes,expanded,GEO_GSE327581_COSMX_AD_BRAIN_EXPANDED,Newly.formed.oligodendrocytes,300,101-500,0.5368171021377671,0.5395348837209303,0.5258215962441315,0.5283018867924528,0.5471698113207547,,0.1497005988023952,0.5036674816625917,0.002717781583163159,0.002717781583163159,0.010352709182987585,0.007634927599824426,,,-0.38711650333537195,-0.033149620475175445,False,False,False,False,False,True,False,0.9338842975206612,0.3766666666666666,0.8923076923076924,0.3866666666666666
expanded::GEO_GSE327581_COSMX_AD_BRAIN_EXPANDED::Olfactory.bulb.inhibitory.neurons,expanded,GEO_GSE327581_COSMX_AD_BRAIN_EXPANDED,Olfactory.bulb.inhibitory.neurons,300,101-500,0.7073170731707317,0.6923976608187135,0.6945107398568019,0.708133971291866,0.7041916167664671,,0.2665066026410564,0.6860025220680959,-0.014919412352018213,-0.015736310473152493,-0.003125456404264537,-0.003942354525398817,,,-0.44081047052967526,-0.021314551102635804,False,False,False,False,True,False,False,0.5576923076923077,0.9666666666666668,0.5333333333333333,0.9866666666666668
expanded::GEO_GSE327581_COSMX_AD_BRAIN_EXPANDED::Olfactory.ensheathing.cells,expanded,GEO_GSE327581_COSMX_AD_BRAIN_EXPANDED,Olfactory.ensheathing.cells,300,101-500,0.3140495867768595,0.3414634146341462,0.2920110192837465,0.3178082191780822,0.3342318059299191,,0.0323624595469255,0.2768361581920904,0.027413827857286688,0.023655195456063982,0.020182219153059566,-0.0072316087042271215,,,-0.281687127229934,-0.037213428584769115,True,False,False,True,False,True,False,0.9047619047619048,0.19,0.9130434782608696,0.21
expanded::GEO_GSE327581_COSMX_AD_BRAIN_EXPANDED::Oligodendrocyte.precursor.cells,expanded,GEO_GSE327581_COSMX_AD_BRAIN_EXPANDED,Oligodendrocyte.precursor.cells,300,101-500,0.8501628664495114,0.8333333333333334,0.8322368421052632,0.8305647840531561,0.8448844884488449,,0.4537444933920704,0.8623548922056384,-0.016829533116178075,-0.016829533116178075,-0.00527837800066655,-0.00527837800066655,,,-0.39641837305744104,0.01219202575612699,False,False,False,False,True,False,False,0.8312101910828026,0.87,0.8333333333333334,0.8333333333333334
expanded::GEO_GSE327581_COSMX_AD_BRAIN_EXPANDED::Peptidergic.neurons,expanded,GEO_GSE327581_COSMX_AD_BRAIN_EXPANDED,Peptidergic.neurons,277,101-500,0.4030612244897959,0.4341463414634147,0.401985111662531,0.43,0.4264705882352941,,0.0605042016806722,0.3007518796992481,0.031085116973618765,0.004146341463414693,0.02340936374549818,-0.007675753228120585,,,-0.3425570228091237,-0.10230934479054782,False,False,False,True,False,True,False,0.6869565217391305,0.2851985559566787,0.6691729323308271,0.3212996389891697
expanded::GEO_GSE327581_COSMX_AD_BRAIN_EXPANDED::Pericytes,expanded,GEO_GSE327581_COSMX_AD_BRAIN_EXPANDED,Pericytes,300,101-500,0.5212355212355212,0.5412667946257197,0.5390625,0.524904214559387,0.5486381322957199,,0.1710914454277286,0.5490981963927855,0.0200312733901985,0.002204294625719694,0.0274026110601987,0.0073713376700002,,,-0.3501440758077926,0.02786267515726426,False,False,False,True,False,True,False,0.6192660550458715,0.45,0.6380090497737556,0.47
expanded::GEO_GSE327581_COSMX_AD_BRAIN_EXPANDED::Perivascular.macrophages,expanded,GEO_GSE327581_COSMX_AD_BRAIN_EXPANDED,Perivascular.macrophages,300,101-500,0.2094240837696335,0.2261306532663316,0.2244897959183673,0.2046035805626598,0.2506393861892583,,0.0065359477124183,0.1377245508982036,0.016706569496698104,0.0016408573479643196,0.04121530241962479,0.024508732922926685,,,-0.2028881360572152,-0.07169953287142991,False,True,False,True,False,True,False,0.4878048780487805,0.1333333333333333,0.4591836734693877,0.15
expanded::GEO_GSE327581_COSMX_AD_BRAIN_EXPANDED::Purkinje.cells,expanded,GEO_GSE327581_COSMX_AD_BRAIN_EXPANDED,Purkinje.cells,300,101-500,0.8622222222222223,0.8414985590778098,0.8656716417910447,0.8021828103683493,0.8422575976845152,,0.5024390243902439,0.9380234505862648,-0.02072366314441254,-0.024173082713234928,-0.019964624537707087,-0.023414044106529475,,,-0.35978319783197843,0.07580122836404246,False,False,False,False,True,False,True,0.776,0.97,0.7411167512690355,0.9733333333333334
expanded::GEO_GSE327581_COSMX_AD_BRAIN_EXPANDED::Radial.glia,expanded,GEO_GSE327581_COSMX_AD_BRAIN_EXPANDED,Radial.glia,300,101-500,0.1506129597197898,0.1381818181818181,0.1410934744268077,0.1477477477477477,0.1459074733096085,,0.0066445182724252,0.1224489795918367,-0.012431141537971702,-0.012431141537971702,-0.004705486410181314,-0.004705486410181314,,,-0.1439684414473646,-0.028163980127953098,False,False,False,False,True,False,False,0.1586715867158671,0.1433333333333333,0.152,0.1266666666666666
expanded::GEO_GSE327581_COSMX_AD_BRAIN_EXPANDED::Serotonergic.neurons,expanded,GEO_GSE327581_COSMX_AD_BRAIN_EXPANDED,Serotonergic.neurons,300,101-500,0.2989473684210526,0.2969072164948453,0.2976939203354298,0.2827004219409282,0.3024193548387096,,0.1853448275862069,0.2616822429906542,-0.0020401519262072676,-0.0020401519262072676,0.0034719864176570026,0.0034719864176570026,,,-0.11360254083484567,-0.037265125430398394,False,False,False,False,False,False,False,0.4057142857142857,0.2366666666666666,0.3891891891891892,0.24
expanded::GEO_GSE327581_COSMX_AD_BRAIN_EXPANDED::T.cell,expanded,GEO_GSE327581_COSMX_AD_BRAIN_EXPANDED,T.cell,300,101-500,0.2716763005780347,0.2762762762762762,0.2623906705539359,0.2723521320495186,0.2771982116244411,,0.1033434650455926,0.2582582582582582,0.0045999756982414985,0.003924144226757631,0.005521911046406369,0.0009219353481648707,,,-0.1683328355324421,-0.013418042319776502,False,False,False,False,False,False,False,0.2397959183673469,0.3133333333333333,0.2513661202185792,0.3066666666666666
expanded::GEO_GSE327581_COSMX_AD_BRAIN_EXPANDED::Tanycytes,expanded,GEO_GSE327581_COSMX_AD_BRAIN_EXPANDED,Tanycytes,300,101-500,0.3887775551102204,0.3943661971830986,0.393574297188755,0.393574297188755,0.3935091277890466,,0.0130718954248366,0.2531645569620253,0.005588642072878236,0.0007918999943436478,0.004731572678826235,-0.0008570693940520013,,,-0.3757056596853838,-0.1356129981481951,False,False,False,False,False,False,False,0.4874371859296482,0.3233333333333333,0.4974619289340101,0.3266666666666666
expanded::GEO_GSE327581_COSMX_AD_BRAIN_EXPANDED::Telencephalon.inhibitory.neurons,expanded,GEO_GSE327581_COSMX_AD_BRAIN_EXPANDED,Telencephalon.inhibitory.neurons,300,101-500,0.3768844221105527,0.4508393285371703,0.3685503685503685,0.398034398034398,0.4449760765550239,,0.2425876010781671,0.3526315789473684,0.07395490642661762,0.052804930502772296,0.06809165444447124,-0.005863251982146378,,,-0.13429682103238558,-0.024252843163184268,True,False,False,True,False,True,False,0.7653061224489796,0.25,0.8034188034188035,0.3133333333333333
expanded::GEO_GSE327581_COSMX_AD_BRAIN_EXPANDED::Vascular.endothelial.cells,expanded,GEO_GSE327581_COSMX_AD_BRAIN_EXPANDED,Vascular.endothelial.cells,300,101-500,0.5986238532110092,0.6106508875739646,0.602771362586605,0.5927654609101517,0.6009280742459396,,0.3270142180094786,0.6289156626506023,0.01202703436295538,0.007879524987359554,0.0023042210349304426,-0.009722813328024937,,,-0.2716096352015306,0.030291809439593087,False,False,False,True,False,False,False,0.4562937062937063,0.87,0.473394495412844,0.86
expanded::GEO_GSE327581_COSMX_AD_BRAIN_EXPANDED::Vascular.leptomeningeal.cells,expanded,GEO_GSE327581_COSMX_AD_BRAIN_EXPANDED,Vascular.leptomeningeal.cells,300,101-500,0.7536704730831975,0.7568438003220611,0.7512355848434926,0.7710049423393739,0.762214983713355,,0.32,0.7555555555555555,0.0031733272388636546,-0.014161142017312778,0.008544510630157598,-0.008789958626018834,,,-0.43367047308319745,0.0018850824723580795,False,False,False,False,False,False,False,0.7380191693290735,0.77,0.7320872274143302,0.7833333333333333
expanded::GEO_GSE327581_COSMX_AD_BRAIN_EXPANDED::Vascular.smooth.muscle.cells,expanded,GEO_GSE327581_COSMX_AD_BRAIN_EXPANDED,Vascular.smooth.muscle.cells,300,101-500,0.6838966202783301,0.68937875751503,0.6880000000000001,0.678714859437751,0.7035573122529644,,0.3955056179775281,0.7156673114119922,0.00548213723669988,0.0013787575150299158,0.01966069197463427,0.01417855473793439,,,-0.288391002300802,0.031770691133662154,False,True,False,False,False,True,False,0.8472906403940886,0.5733333333333334,0.864321608040201,0.5733333333333334
expanded::GEO_GSE328481_GENERIC_H5AD_EXPANDED::Alveolar,expanded,GEO_GSE328481_GENERIC_H5AD_EXPANDED,Alveolar,2500,>1000,0.5766791348186697,0.5871051774666233,0.5839344262295082,0.5911298154742636,0.5722723543888434,,0.4593175853018373,0.557224085143607,0.010426042647953548,-0.004024638007640302,-0.00440678042982634,-0.01885746108542019,,,-0.11736154951683242,-0.01945504967506273,False,False,False,True,False,False,False,0.485886544258701,0.7092,0.4950576606260296,0.7212
expanded::GEO_GSE328481_GENERIC_H5AD_EXPANDED::LA-PCA,expanded,GEO_GSE328481_GENERIC_H5AD_EXPANDED,LA-PCA,2500,>1000,0.489337822671156,0.5350121493262646,0.5076164874551972,0.5197066911090743,0.5094465436763725,,0.2405442176870748,0.4591924398625429,0.04567432665510862,0.015305458217190315,0.020108721005216545,-0.025565605649892076,,,-0.2487936049840812,-0.03014538280861312,True,False,False,True,False,True,False,0.5575447570332481,0.436,0.5974346324617662,0.4844
expanded::GEO_GSE328481_GENERIC_H5AD_EXPANDED::LA-TLS,expanded,GEO_GSE328481_GENERIC_H5AD_EXPANDED,LA-TLS,2500,>1000,0.5872934764094703,0.6523675961062532,0.655562742561449,0.6641259320629661,0.6115454999168193,,0.6140939597315437,0.6652275589134736,0.0650741196967829,-0.01175833595671294,0.024252023507349008,-0.05258043214614683,,,0.02680048332207341,0.07793408250400335,False,False,False,True,False,True,False,0.5114209433402551,0.6896,0.5551811288963774,0.7908
expanded::GEO_GSE328481_GENERIC_H5AD_EXPANDED::LA-myloid-aggregate,expanded,GEO_GSE328481_GENERIC_H5AD_EXPANDED,LA-myloid-aggregate,2500,>1000,0.2825404491668679,0.2942472460220318,0.2926233512457254,0.3113744075829384,0.2808798646362098,,0.278405162479834,0.2408568443051201,0.011706796855163903,-0.0171271615609066,-0.0016605845306580935,-0.030494542946728598,,,-0.00413528668703389,-0.04168360486174777,False,False,False,True,False,False,False,0.356489945155393,0.234,0.379179810725552,0.2404
expanded::GEO_GSE328481_GENERIC_H5AD_EXPANDED::Stroma,expanded,GEO_GSE328481_GENERIC_H5AD_EXPANDED,Stroma,2500,>1000,0.3729930012350761,0.3960101867572156,0.3857112481394854,0.3979460847240051,0.3724576271186441,,0.2687404385517593,0.3534704370179949,0.023017185522139494,-0.0019358979667895015,-0.000535374116432008,-0.025488457605361003,,,-0.10425256268331684,-0.019522564217081206,False,False,False,True,False,False,False,0.3842239185750636,0.3624,0.4217902350813743,0.3732
expanded::GEO_GSE328481_GENERIC_H5AD_EXPANDED::Tumor,expanded,GEO_GSE328481_GENERIC_H5AD_EXPANDED,Tumor,2500,>1000,0.312417145382236,0.3237200983679857,0.318294051627385,0.3263413557076617,0.3107095636844424,,0.2471789360558839,0.327765237020316,0.011302952985749737,-0.0026212573396759975,-0.0017075816977935587,-0.015631792023219293,,,-0.06523820932635208,0.015348091638080041,False,False,False,True,False,False,False,0.3489634748272458,0.2828,0.366953877344146,0.2896
expanded::GEO_GSE330849_GENERIC_H5AD_EXPANDED::0,expanded,GEO_GSE330849_GENERIC_H5AD_EXPANDED,0,2500,>1000,0.789329685362517,0.8018889138745221,0.8072858106588712,0.8065236818588025,0.7976827094474152,,0.7870135850794381,0.8160324251294754,0.012559228512005083,-0.00539689678434907,0.00835302408489813,-0.009603101211456022,,,-0.002316100283078937,0.02670273976695836,False,False,False,True,False,False,False,0.9178154825026512,0.6924,0.9157678479712378,0.7132
expanded::GEO_GSE330849_GENERIC_H5AD_EXPANDED::1,expanded,GEO_GSE330849_GENERIC_H5AD_EXPANDED,1,2500,>1000,0.6810122224134963,0.6808293677770225,0.6838247826828021,0.6884675595755783,0.676747311827957,,0.7673394495412844,0.7405309734513275,-0.00018285463647382816,-0.007638191798555738,-0.00426491058553935,-0.01172024774762126,,,0.08632722712778806,0.05951875103783111,False,False,False,False,False,False,False,0.5977636748262315,0.7912,0.591903073286052,0.8012
expanded::GEO_GSE330849_GENERIC_H5AD_EXPANDED::10,expanded,GEO_GSE330849_GENERIC_H5AD_EXPANDED,10,2500,>1000,0.3864213197969543,0.3757188498402555,0.3636363636363636,0.4072910119421747,0.3911532385466034,,0.4525862068965516,0.4447182014166923,-0.010702469956698824,-0.03157216210191921,0.004731918749649067,-0.01613777339557132,,,0.06616488709959728,0.058296881619738006,False,False,False,False,True,False,False,0.9340490797546012,0.2436,0.9333333333333332,0.2352
expanded::GEO_GSE330849_GENERIC_H5AD_EXPANDED::11,expanded,GEO_GSE330849_GENERIC_H5AD_EXPANDED,11,2500,>1000,0.8500434404865335,0.8501898515705903,0.8499221048987364,0.8553524804177546,0.8546501483161751,,0.8063409053766954,0.8327691266079892,0.00014641108405688552,-0.00516262884716423,0.004606707829641676,-0.0007023321015794393,,,-0.043702535109838014,-0.01727431387854428,False,False,False,False,False,False,False,0.7514592933947772,0.9784,0.7477231329690346,0.9852
expanded::GEO_GSE330849_GENERIC_H5AD_EXPANDED::12,expanded,GEO_GSE330849_GENERIC_H5AD_EXPANDED,12,2500,>1000,0.7727582292849035,0.7716640677210959,0.7666214382632294,0.7966549295774649,0.7693351424694709,,0.6197183098591549,0.7259975816203145,-0.001094161563807594,-0.024990861856369007,-0.0034230868154325744,-0.027319787107993987,,,-0.15303991942574857,-0.046760647664588983,False,False,False,False,False,False,False,0.8934383202099737,0.6808,0.8707893413775767,0.6928
expanded::GEO_GSE330849_GENERIC_H5AD_EXPANDED::13,expanded,GEO_GSE330849_GENERIC_H5AD_EXPANDED,13,2500,>1000,0.7601039943275822,0.7596131163010145,0.7540360873694207,0.7944344703770196,0.756132075471698,,0.7370892018779343,0.7685185185185185,-0.0004908780265677759,-0.03482135407600517,-0.0039719188558842156,-0.03830239490532161,,,-0.02301479244964799,0.008414524190936246,False,False,False,False,False,False,False,0.92894280762565,0.6432,0.9258194364577343,0.644
expanded::GEO_GSE330849_GENERIC_H5AD_EXPANDED::14,expanded,GEO_GSE330849_GENERIC_H5AD_EXPANDED,14,2500,>1000,0.795629820051414,0.8028289755679382,0.8027385537013264,0.7945089757127772,0.8079048023799404,,0.8743348342202211,0.8541058774489371,0.007199155516524169,9.042186661178953e-05,0.012274982328526418,0.005075826812002249,,,0.07870501416880704,0.05847605739752304,False,False,False,False,False,True,False,0.856549815498155,0.7428,0.8647276084949215,0.7492
expanded::GEO_GSE330849_GENERIC_H5AD_EXPANDED::15,expanded,GEO_GSE330849_GENERIC_H5AD_EXPANDED,15,2500,>1000,0.8691770186335404,0.8888459307945099,0.8800155068811786,0.869800735151867,0.8825126017836371,,0.8665537361189535,0.8780487804878049,0.019668912160969554,0.008830423913331331,0.013335583150096753,-0.006333329010872801,,,-0.0026232825145868777,0.008871761854264526,False,False,False,True,False,True,False,0.8442684766214178,0.8956,0.8600823045267489,0.9196
expanded::GEO_GSE330849_GENERIC_H5AD_EXPANDED::16,expanded,GEO_GSE330849_GENERIC_H5AD_EXPANDED,16,2422,>1000,0.8900398406374503,0.9050323085960448,0.9012588512981904,0.9034658312120618,0.897451096621221,,0.8365061590145576,0.8695314019055027,0.014992467958594435,0.001566477383982967,0.0074112559837706815,-0.007581211974823754,,,-0.05353368162289274,-0.02050843873194763,False,False,False,True,False,False,False,0.8598922247882987,0.9223781998348471,0.860707635009311,0.954170107349298
expanded::GEO_GSE330849_GENERIC_H5AD_EXPANDED::17,expanded,GEO_GSE330849_GENERIC_H5AD_EXPANDED,17,2303,>1000,0.8442999234889059,0.8552907530981888,0.8428005284015851,0.830076307463242,0.8578043604090294,,0.8805106722521445,0.8725853658536585,0.010990829609282882,0.010990829609282882,0.013504436920123486,0.0025136073108406043,,,0.0362107487632386,0.02828544236475261,True,False,False,True,False,True,False,0.7545299145299146,0.958315240990013,0.7624065261726717,0.973947025618758
expanded::GEO_GSE330849_GENERIC_H5AD_EXPANDED::18,expanded,GEO_GSE330849_GENERIC_H5AD_EXPANDED,18,2024,>1000,0.8269517652909,0.827831868914747,0.8255813953488373,0.8292436124462433,0.8166106577052329,,0.8501577287066245,0.8493839577571033,0.0008801036238470505,-0.0014117435314963123,-0.010341107585667086,-0.01263295474101045,,,0.023205963415724562,0.022432192466203316,False,False,False,False,False,False,True,0.8323323323323323,0.8216403162055336,0.7969821673525377,0.8611660079051383
expanded::GEO_GSE330849_GENERIC_H5AD_EXPANDED::19,expanded,GEO_GSE330849_GENERIC_H5AD_EXPANDED,19,2007,>1000,0.8847290640394089,0.8838037121789982,0.8824120603015075,0.8714250186520767,0.8854378818737271,,0.8907815631262526,0.8893805309734514,-0.0009253518604106503,-0.0009253518604106503,0.0007088178343181983,0.0007088178343181983,,,0.006052499086843688,0.004651466934042503,False,False,False,False,False,False,False,0.8748173404773503,0.8948679621325362,0.9023883696780892,0.8659691081215745
expanded::GEO_GSE330849_GENERIC_H5AD_EXPANDED::2,expanded,GEO_GSE330849_GENERIC_H5AD_EXPANDED,2,2500,>1000,0.5569363428861274,0.6033630069238378,0.583829365079365,0.5814360770577933,0.585679012345679,,0.1362458348759718,0.3155831427638026,0.04642666403771045,0.019533641844472815,0.028742669459551617,-0.017683994578158835,,,-0.42069050801015556,-0.24135320012232475,True,False,False,True,False,True,False,0.760914760914761,0.4392,0.7901554404145078,0.488
expanded::GEO_GSE330849_GENERIC_H5AD_EXPANDED::20,expanded,GEO_GSE330849_GENERIC_H5AD_EXPANDED,20,1823,>1000,0.8571428571428572,0.8171608265947888,0.8413506012950972,0.8659351145038167,0.8120535714285714,,0.8304387568555759,0.8485414235705949,-0.03998203054806837,-0.048774287909027825,-0.04508928571428583,-0.053881543075245286,,,-0.026704100287281318,-0.008601433572262285,False,False,False,False,True,False,True,0.7534303534303535,0.9939659901261656,0.6918980600988969,0.997805814591333
expanded::GEO_GSE330849_GENERIC_H5AD_EXPANDED::21,expanded,GEO_GSE330849_GENERIC_H5AD_EXPANDED,21,1096,>1000,0.9076339097427244,0.9177562210037958,0.9163851351351352,0.9202714164546226,0.9156829679595276,,0.8292867981790591,0.8943488943488943,0.010122311261071437,-0.0025151954508267904,0.00804905821680324,-0.004588448495094988,,,-0.07834711156366525,-0.01328501539383009,False,False,False,True,False,False,False,0.8439215686274509,0.9817518248175182,0.8533333333333334,0.9927007299270072
expanded::GEO_GSE330849_GENERIC_H5AD_EXPANDED::22,expanded,GEO_GSE330849_GENERIC_H5AD_EXPANDED,22,1026,>1000,0.7969745222929937,0.7754318618042226,0.7647951441578149,0.8073984720546845,0.7865519937451134,,0.8001611603545529,0.8169934640522876,-0.02154266048877107,-0.03196661025046188,-0.010422528547880283,-0.020846478309571093,,,0.003186638061559166,0.020018941759293862,False,False,False,False,True,False,True,0.6736204576043069,0.9756335282651072,0.6396453451551615,0.9844054580896686
expanded::GEO_GSE330849_GENERIC_H5AD_EXPANDED::3,expanded,GEO_GSE330849_GENERIC_H5AD_EXPANDED,3,2500,>1000,0.8505543237250554,0.8255125284738041,0.8295892897662809,0.8316742081447963,0.8311280556178515,,0.8959346430655515,0.8970195272353545,-0.025041795251251275,-0.025041795251251275,-0.019426268107203826,-0.019426268107203826,,,0.045380319340496134,0.04646520351029915,False,False,False,False,True,False,True,0.954228855721393,0.7672,0.9587301587301588,0.7248
expanded::GEO_GSE330849_GENERIC_H5AD_EXPANDED::4,expanded,GEO_GSE330849_GENERIC_H5AD_EXPANDED,4,2500,>1000,0.8701965645475473,0.8678979771328057,0.8696573648887319,0.8621895767750962,0.8755563468043439,,0.9137864077669904,0.91191904047976,-0.0022985874147416485,-0.0022985874147416485,0.005359782256796564,0.005359782256796564,,,0.043589843219443036,0.04172247593221268,False,False,False,False,False,False,False,0.780743565300286,0.9828,0.7745682888540032,0.9868
expanded::GEO_GSE330849_GENERIC_H5AD_EXPANDED::5,expanded,GEO_GSE330849_GENERIC_H5AD_EXPANDED,5,2500,>1000,0.8450184501845017,0.8333333333333333,0.8426332288401255,0.8389621087314661,0.8310969116080936,,0.8591996612322675,0.8542526837324524,-0.011685116851168464,-0.011685116851168464,-0.013921538576408099,-0.013921538576408099,,,0.014181211047765818,0.009234233547950721,False,False,False,False,True,False,True,0.8666947014297729,0.8244,0.8867328519855595,0.786
expanded::GEO_GSE330849_GENERIC_H5AD_EXPANDED::6,expanded,GEO_GSE330849_GENERIC_H5AD_EXPANDED,6,2500,>1000,0.7319298245614035,0.7732513451191391,0.7530425014042315,0.7341911764705882,0.7619224345889777,,0.6698224852071006,0.6989196806012212,0.041321520557735525,0.02020884371490761,0.02999261002757414,-0.011328910530161385,,,-0.062107339354302904,-0.033010143960182314,True,False,False,True,False,True,False,0.651875,0.8344,0.7440828402366864,0.8048
expanded::GEO_GSE330849_GENERIC_H5AD_EXPANDED::7,expanded,GEO_GSE330849_GENERIC_H5AD_EXPANDED,7,2500,>1000,0.8086378737541527,0.8028215223097113,0.803297609233306,0.8194397570030375,0.8066644671725504,,0.7231905465288035,0.7755812114502609,-0.005816351444441481,-0.01661823469332624,-0.0019734065816023882,-0.012775289830487147,,,-0.0854473272253492,-0.033056662303891815,False,False,False,False,False,False,False,0.6914772727272728,0.9736,0.6804783092324805,0.9788
expanded::GEO_GSE330849_GENERIC_H5AD_EXPANDED::8,expanded,GEO_GSE330849_GENERIC_H5AD_EXPANDED,8,2500,>1000,0.7396082178690874,0.7620158656089595,0.7612873350312572,0.7377799181314711,0.7525311984930539,,0.7292873331654496,0.7575684185032695,0.02240764773987214,0.0007285305777022799,0.012922980623966573,-0.009484667115905565,,,-0.01032088470363779,0.017960200634182133,False,False,False,True,False,True,False,0.9181494661921707,0.6192,0.9143337066069428,0.6532
expanded::GEO_GSE330849_GENERIC_H5AD_EXPANDED::9,expanded,GEO_GSE330849_GENERIC_H5AD_EXPANDED,9,2500,>1000,0.7251313643776046,0.7335243553008596,0.7375753012048193,0.7307764265668848,0.7324103925659017,,0.7944779311685788,0.779403382101463,0.008392990923254962,-0.004050945903959713,0.007279028188297065,-0.005164908638917609,,,0.06934656679097417,0.05427201772385837,False,False,False,False,False,False,False,0.6628022524014574,0.8004,0.7020109689213894,0.768
expanded::GEO_GSE333479_H5AD_SIDECAR_EXPANDED::B cell,expanded,GEO_GSE333479_H5AD_SIDECAR_EXPANDED,B cell,2500,>1000,0.2315003394433129,0.2229822161422708,0.2288049029622063,0.2208794897616649,0.2459893048128342,,0.5151842145830122,0.4667669172932331,-0.008518123301042124,-0.008518123301042124,0.014488965369521295,0.014488965369521295,,,0.2836838751396993,0.2352665778499202,False,True,False,False,False,True,False,0.7645739910313901,0.1364,0.7688679245283019,0.1304
expanded::GEO_GSE333479_H5AD_SIDECAR_EXPANDED::DN3 thymocyte,expanded,GEO_GSE333479_H5AD_SIDECAR_EXPANDED,DN3 thymocyte,844,501-1000,0.2806641671130155,0.2838569880823401,0.2855603448275862,0.2759358288770053,0.28143392188336,,0.154074074074074,0.3103269330565645,0.0031928209693246057,-0.0017033567452460763,0.0007697547703445218,-0.00412642294422616,,,-0.1265900930389415,0.029662765943548997,False,False,False,False,False,False,False,0.2561094819159335,0.3104265402843602,0.2614770459081836,0.3104265402843602
expanded::GEO_GSE333479_H5AD_SIDECAR_EXPANDED::DN4 thymocyte,expanded,GEO_GSE333479_H5AD_SIDECAR_EXPANDED,DN4 thymocyte,2500,>1000,0.3554022988505747,0.3669923995656894,0.3620299048482103,0.3620055197792088,0.3501945525291829,,0.2748189177673625,0.3688125160297512,0.011590100715114682,0.004962494717479116,-0.005207746321391815,-0.016797847036506497,,,-0.08058338108321222,0.013410217179176454,False,False,False,True,False,False,False,0.4178378378378378,0.3092,0.4014251781472684,0.338
expanded::GEO_GSE333479_H5AD_SIDECAR_EXPANDED::T cell,expanded,GEO_GSE333479_H5AD_SIDECAR_EXPANDED,T cell,1109,>1000,0.0958466453674121,0.105050505050505,0.1001683501683501,0.0960604425256341,0.08952468850946,,0.3661971830985915,0.1474805407619828,0.00920385968309291,0.004882154882154904,-0.006321956857952102,-0.015525816541045012,,,0.2703505377311794,0.05163389539457071,False,False,False,False,False,False,False,0.0970425138632162,0.0946798917944093,0.0951683748169839,0.1172227231740306
expanded::GEO_GSE333479_H5AD_SIDECAR_EXPANDED::double negative T cell,expanded,GEO_GSE333479_H5AD_SIDECAR_EXPANDED,double negative T cell,1911,>1000,0.3863938347063513,0.3888433141919606,0.4167124793842771,0.3791493775933609,0.3994652406417113,,0.3536673928830792,0.4018070688280626,0.002449479485609307,-0.02786916519231647,0.013071405935359992,-0.017247238742565785,,,-0.03272644182327211,0.015413234121711306,False,False,False,False,False,True,False,0.392548596112311,0.380429094714809,0.4072164948453608,0.3720565149136577
expanded::GEO_GSE333479_H5AD_SIDECAR_EXPANDED::erythroblast,expanded,GEO_GSE333479_H5AD_SIDECAR_EXPANDED,erythroblast,2500,>1000,0.5131626397403535,0.5333570539049992,0.5376150099224247,0.5693482507547505,0.5100446428571428,,0.1546494281452013,0.3095000995817566,0.020194414164645735,-0.03599119684975127,-0.003117996883210683,-0.05930360789760769,,,-0.35851321159515215,-0.20366254015859686,False,False,False,True,False,False,False,0.4671700590938936,0.5692,0.4802947773149632,0.5996
expanded::GEO_GSE333479_H5AD_SIDECAR_EXPANDED::immature T cell,expanded,GEO_GSE333479_H5AD_SIDECAR_EXPANDED,immature T cell,2500,>1000,0.312180889861415,0.3041975308641975,0.3099072718399219,0.3542168674698795,0.2995145631067961,,0.1492128678986995,0.2085281980742778,-0.007983358997217527,-0.05001933660568203,-0.012666326754618928,-0.05470230436308343,,,-0.1629680219627155,-0.10365269178713721,False,False,False,False,False,False,True,0.398016119032858,0.2568,0.3974193548387096,0.2464
expanded::GEO_GSE333479_H5AD_SIDECAR_EXPANDED::macrophage,expanded,GEO_GSE333479_H5AD_SIDECAR_EXPANDED,macrophage,232,101-500,0.2010398613518197,0.2037996545768566,0.1952054794520548,0.1914529914529914,0.2014134275618374,,0.1882716049382716,0.1770573566084788,0.0027597932250368884,0.0027597932250368884,0.0003735662100176895,-0.002386227015019199,,,-0.01276825641354809,-0.023982504743340904,False,False,False,False,False,False,False,0.1681159420289855,0.25,0.170028818443804,0.2543103448275862
expanded::GEO_GSE333479_H5AD_SIDECAR_EXPANDED::macrophage dendritic cell progenitor,expanded,GEO_GSE333479_H5AD_SIDECAR_EXPANDED,macrophage dendritic cell progenitor,83,26-100,0.0472175379426644,0.0495137046861184,0.0533117932148626,0.0458365164247517,0.0473083197389885,,0.0053475935828877,0.0211742059672762,0.002296166743453995,-0.003798088528744206,9.078179632409505e-05,-0.006003473475874106,,,-0.0418699443597767,-0.0260433319753882,False,False,False,False,False,False,False,0.0253853127833182,0.3373493975903614,0.0267175572519083,0.3373493975903614
expanded::GEO_GSE333479_H5AD_SIDECAR_EXPANDED::mature NK T cell,expanded,GEO_GSE333479_H5AD_SIDECAR_EXPANDED,mature NK T cell,1088,>1000,0.3789868667917448,0.3578826237054085,0.3722826086956521,0.3680120330910003,0.378193310508296,,0.0411663807890223,0.4105960264900662,-0.021104243086336294,-0.021104243086336294,-0.000793556283448793,-0.000793556283448793,,,-0.3378204860027225,0.0316091596983214,False,False,False,False,True,False,False,0.2674990541051835,0.6498161764705882,0.2604690117252931,0.5716911764705882
expanded::GEO_GSE333479_H5AD_SIDECAR_EXPANDED::megakaryocyte-erythroid progenitor cell,expanded,GEO_GSE333479_H5AD_SIDECAR_EXPANDED,megakaryocyte-erythroid progenitor cell,107,101-500,0.1691648822269807,0.1748633879781421,0.1679064824654622,0.2045454545454545,0.1614906832298136,,0.0108149864812668,0.074353448275862,0.0056985057511614035,-0.0296820665673124,-0.007674198997167092,-0.043054771315640894,,,-0.1583498957457139,-0.0948114339511187,False,False,False,False,False,False,False,0.0955259975816203,0.7383177570093458,0.099009900990099,0.7476635514018691
expanded::GEO_GSE333479_H5AD_SIDECAR_EXPANDED::plasma cell,expanded,GEO_GSE333479_H5AD_SIDECAR_EXPANDED,plasma cell,74,26-100,0.1967213114754098,0.2022116903633491,0.2040185471406491,0.1996927803379416,0.2012195121951219,,0.0241379310344827,0.2568421052631578,0.005490378887939296,-0.0018068567772999977,0.004498200719712103,-0.00279903494552719,,,-0.1725833804409271,0.06012079378774801,False,False,False,False,False,False,False,0.1105527638190954,0.8918918918918919,0.1144901610017889,0.8648648648648649
expanded::GEO_GSE333479_H5AD_SIDECAR_EXPANDED::professional antigen presenting cell,expanded,GEO_GSE333479_H5AD_SIDECAR_EXPANDED,professional antigen presenting cell,2500,>1000,0.2770517511761631,0.2526429926809433,0.2610054701745246,0.2808729139922978,0.262757871878393,,0.103460577952194,0.2346497549726146,-0.024408758495219784,-0.02822992131135449,-0.014293879297770096,-0.0181150421139048,,,-0.1735911732239691,-0.04240199620354851,False,False,False,False,True,False,True,0.3996983408748115,0.212,0.3919259882253995,0.1864
expanded::GEO_GSE333479_H5AD_SIDECAR_EXPANDED::thymocyte,expanded,GEO_GSE333479_H5AD_SIDECAR_EXPANDED,thymocyte,2500,>1000,0.6044273339749759,0.612275731822474,0.5927522037218412,0.6002405773857257,0.6099105812220565,,0.3646558391337974,0.6054409980939178,0.007848397847498023,0.007848397847498023,0.005483247247080603,-0.0023651506004174205,,,-0.23977149484117855,0.0010136641189418816,False,False,False,False,False,False,False,0.5825602968460112,0.628,0.579964221824687,0.6484
expanded::GEO_GSE333737_MERSCOPE_PANCREAS_VASCULAR_EXPANDED::Endothelial Cells,expanded,GEO_GSE333737_MERSCOPE_PANCREAS_VASCULAR_EXPANDED,Endothelial Cells,11172,>1000,0.8716818399616675,0.8636760003875593,0.8685009396231871,0.8631915512062784,0.862839996128158,,0.8724539282250243,0.8745247148288973,-0.008005839574108164,-0.008005839574108164,-0.0088418438335095,-0.0088418438335095,,,0.0007720882633568404,0.0028428748672297832,False,False,False,False,False,False,False,0.937925345432048,0.8141783029001074,0.9412882787750791,0.7978875760830648
expanded::GEO_GSE333737_MERSCOPE_PANCREAS_VASCULAR_EXPANDED::Fibroblasts,expanded,GEO_GSE333737_MERSCOPE_PANCREAS_VASCULAR_EXPANDED,Fibroblasts,6403,>1000,0.7643589950722999,0.7647388208943284,0.750860344137655,0.7619354319297964,0.766107114308553,,0.7797131977639146,0.7758857235089984,0.00037982582202855664,0.00037982582202855664,0.0017481192362531761,0.0013682934142246195,,,0.015354202691614693,0.011526728436698552,False,False,False,False,False,False,False,0.7916666666666666,0.7388724035608308,0.7838635618235487,0.7465250663751366
expanded::GEO_GSE333737_MERSCOPE_PANCREAS_VASCULAR_EXPANDED::Islet-associated Fibroblasts,expanded,GEO_GSE333737_MERSCOPE_PANCREAS_VASCULAR_EXPANDED,Islet-associated Fibroblasts,1883,>1000,0.4104234527687296,0.4130524576621231,0.3948108108108108,0.415124698310539,0.4171145101281521,,0.4476271911073107,0.4339784946236559,0.002629004893393516,-0.0020722406484158795,0.006691057359422492,0.0019898118176130963,,,0.037203738338581094,0.023555041854926295,False,False,False,False,False,False,False,0.3471711976487877,0.5018587360594795,0.3379520108144643,0.5310674455655868
expanded::GEO_GSE333737_MERSCOPE_PANCREAS_VASCULAR_EXPANDED::Pericytes,expanded,GEO_GSE333737_MERSCOPE_PANCREAS_VASCULAR_EXPANDED,Pericytes,4764,>1000,0.7016052880075543,0.7048474997609713,0.7004067732475642,0.6990104717071765,0.7004025301897643,,0.7138757752476163,0.7144739318652362,0.0032422117534169903,0.0032422117534169903,-0.0012027578177900011,-0.004444969571206991,,,0.012270487240061967,0.012868643857681938,False,False,False,False,False,False,False,0.6376587710264332,0.7798068849706129,0.6472344161545215,0.7737195633921075
expanded::GEO_GSE336633_H5AD_INTERNAL_LABEL_EXPANDED::AT1,expanded,GEO_GSE336633_H5AD_INTERNAL_LABEL_EXPANDED,AT1,1664,>1000,0.1628371628371628,0.1649689440993789,0.1660865241173545,0.1665827881227982,0.1624441132637854,,0.1895546458255799,0.1876285397880082,0.002131781262216109,-0.0016138440234192974,-0.0003930495733773798,-0.004138674859012786,,,0.026717482988417113,0.024791376950845406,False,False,False,False,False,False,False,0.1393162393162393,0.1959134615384615,0.1406183820415078,0.1995192307692307
expanded::GEO_GSE336633_H5AD_INTERNAL_LABEL_EXPANDED::AT2,expanded,GEO_GSE336633_H5AD_INTERNAL_LABEL_EXPANDED,AT2,8000,>1000,0.4437203371821209,0.4386340905843691,0.4398547112029058,0.4438616387865041,0.4390799686676636,,0.085680473372781,0.3919028340080971,-0.005086246597751809,-0.005227548202135002,-0.004640368514457316,-0.004781670118840509,,,-0.3580398638093399,-0.05181750317402378,False,False,False,False,False,False,False,0.5120156939676312,0.3915,0.511837279093031,0.38375
expanded::GEO_GSE336633_H5AD_INTERNAL_LABEL_EXPANDED::Adventitial fibroblasts,expanded,GEO_GSE336633_H5AD_INTERNAL_LABEL_EXPANDED,Adventitial fibroblasts,2372,>1000,0.3866705813270699,0.3854641753714873,0.3851094890510949,0.3860526702957187,0.3858823529411764,,0.2599194939620471,0.4021702271956596,-0.001206405955582579,-0.001206405955582579,-0.0007882283858934858,-0.0007882283858934858,,,-0.12675108736502277,0.015499645868589706,False,False,False,False,False,False,False,0.2966216216216216,0.5552276559865092,0.296045197740113,0.5522765598650927
expanded::GEO_GSE336633_H5AD_INTERNAL_LABEL_EXPANDED::Alveolar fibroblasts,expanded,GEO_GSE336633_H5AD_INTERNAL_LABEL_EXPANDED,Alveolar fibroblasts,2885,>1000,0.1440953412784398,0.1447154471544715,0.1442962156275524,0.148930551888038,0.144060886110356,,0.2047685834502103,0.2186985172981878,0.0006201058760317013,-0.00421510473356651,-3.445516808378568e-05,-0.004869665777681997,,,0.0606732421717705,0.074603176019748,False,False,False,False,False,False,False,0.3296158612143742,0.0922010398613518,0.3316770186335404,0.0925476603119584
expanded::GEO_GSE336633_H5AD_INTERNAL_LABEL_EXPANDED::Alveolar macrophages,expanded,GEO_GSE336633_H5AD_INTERNAL_LABEL_EXPANDED,Alveolar macrophages,5990,>1000,0.2701273732275895,0.2645631067961165,0.2702441382644429,0.268441885570349,0.26539252449498,,0.0982393845243379,0.2185360716166403,-0.005564266431473008,-0.005681031468326381,-0.004734848732609487,-0.004851613769462859,,,-0.17188798870325162,-0.051591301610949214,False,False,False,False,False,False,False,0.4819897084048027,0.1876460767946577,0.4844444444444444,0.1819699499165275
expanded::GEO_GSE336633_H5AD_INTERNAL_LABEL_EXPANDED::Arterial endothelial cells,expanded,GEO_GSE336633_H5AD_INTERNAL_LABEL_EXPANDED,Arterial endothelial cells,560,501-1000,0.1330756488128106,0.1321610890527509,0.1326987681970884,0.1338912133891213,0.1295409743734159,,0.0990338164251207,0.1279229711141678,-0.0009145597600596911,-0.0017301243363704033,-0.003534674439394675,-0.004350239015705387,,,-0.03404183238768989,-0.005152677698642777,False,False,False,False,False,False,False,0.0787067276290006,0.4303571428571429,0.0785569790964261,0.4160714285714286
expanded::GEO_GSE336633_H5AD_INTERNAL_LABEL_EXPANDED::Basal cells,expanded,GEO_GSE336633_H5AD_INTERNAL_LABEL_EXPANDED,Basal cells,1058,>1000,0.2537654039251483,0.2580943570767808,0.2583258325832583,0.248663101604278,0.2509157509157509,,0.0981595092024539,0.2476813966175668,0.004328953151632509,-0.0002314755064775076,-0.0028496530093973793,-0.0074100816675073955,,,-0.15560589472269437,-0.0060840073075814904,False,False,False,False,False,False,False,0.2453662842012356,0.2627599243856333,0.2527173913043478,0.2637051039697543
expanded::GEO_GSE336633_H5AD_INTERNAL_LABEL_EXPANDED::CD16+ NK cells,expanded,GEO_GSE336633_H5AD_INTERNAL_LABEL_EXPANDED,CD16+ NK cells,8000,>1000,0.2552253285122145,0.2582451229113813,0.2583413608897452,0.248386811632635,0.2607557378479797,,0.0756052992233896,0.2408989598811292,0.0030197943991667753,-9.623797836388892e-05,0.005530409335765152,0.0024143769582344876,,,-0.17962002928882492,-0.014326368631085329,False,False,False,False,False,False,False,0.4333632824198862,0.180875,0.430195278344506,0.1845
expanded::GEO_GSE336633_H5AD_INTERNAL_LABEL_EXPANDED::CD16- NK cells,expanded,GEO_GSE336633_H5AD_INTERNAL_LABEL_EXPANDED,CD16- NK cells,2105,>1000,0.5630345853477129,0.5619189289698773,0.5606229143492769,0.5555963302752294,0.561038961038961,,0.5086705202312138,0.5954290296712108,-0.0011156563778356166,-0.0011156563778356166,-0.0019956243087518866,-0.0019956243087518866,,,-0.05436406511649905,0.03239444432349792,False,False,False,False,False,False,False,0.4625725633974946,0.7192399049881235,0.4616559731133516,0.7178147268408551
expanded::GEO_GSE336633_H5AD_INTERNAL_LABEL_EXPANDED::Capillary aerocytes,expanded,GEO_GSE336633_H5AD_INTERNAL_LABEL_EXPANDED,Capillary aerocytes,942,501-1000,0.1842696629213483,0.1833862914207898,0.1825650387950707,0.1748878923766816,0.1831368993653671,,0.1322140608604407,0.1682242990654205,-0.0008833715005585052,-0.0008833715005585052,-0.0011327635559812144,-0.0011327635559812144,,,-0.05205560206090759,-0.016045363855927808,False,False,False,False,False,False,False,0.1597817614964926,0.2176220806794055,0.1601903251387787,0.2144373673036093
expanded::GEO_GSE336633_H5AD_INTERNAL_LABEL_EXPANDED::Capillary endothelial cells,expanded,GEO_GSE336633_H5AD_INTERNAL_LABEL_EXPANDED,Capillary endothelial cells,2927,>1000,0.1498041023277252,0.1506024096385542,0.1496630257959563,0.1435897435897435,0.1535260115606936,,0.1097024579560155,0.1380352644836272,0.0007983073108289995,0.0007983073108289995,0.00372190923296839,0.0029236019221393905,,,-0.0401016443717097,-0.01176883784409799,False,False,False,False,False,False,False,0.2301699716713881,0.1110351896139391,0.2339812814974802,0.1110351896139391
expanded::GEO_GSE336633_H5AD_INTERNAL_LABEL_EXPANDED::Ciliated cells,expanded,GEO_GSE336633_H5AD_INTERNAL_LABEL_EXPANDED,Ciliated cells,2586,>1000,0.4474179385323019,0.4702206600273383,0.4326398707331852,0.4453372806090082,0.4666796951338676,,0.2296865003198976,0.4538431826960217,0.022802721495036427,0.022802721495036427,0.019261756601565705,-0.0035409648934707216,,,-0.2177314382124043,0.006425244163719812,True,False,False,True,False,True,False,0.487027765134274,0.4137664346481052,0.4749506903353057,0.465583913379737
expanded::GEO_GSE336633_H5AD_INTERNAL_LABEL_EXPANDED::Classical monocytes,expanded,GEO_GSE336633_H5AD_INTERNAL_LABEL_EXPANDED,Classical monocytes,693,501-1000,0.0913978494623656,0.0969101123595505,0.0939875604699378,0.0902455209024551,0.0948453608247422,,0.0508964719491035,0.0875088214537755,0.0055122628971849,0.0029225518896126984,0.0034475113623766013,-0.0020647515348082984,,,-0.04050137751326209,-0.0038890280085900897,False,False,False,False,False,False,False,0.0855345911949685,0.0981240981240981,0.094391244870041,0.0995670995670995
expanded::GEO_GSE336633_H5AD_INTERNAL_LABEL_EXPANDED::Club cells,expanded,GEO_GSE336633_H5AD_INTERNAL_LABEL_EXPANDED,Club cells,627,501-1000,0.1016248153618907,0.0991879350348027,0.0960648148148148,0.0980746089049338,0.0974025974025974,,0.0654022236756049,0.0998059329082339,-0.002436880327088012,-0.002436880327088012,-0.004222217959293312,-0.004222217959293312,,,-0.036222591686285804,-0.0018188824536568005,False,False,False,False,False,False,False,0.0623640319071791,0.2743221690590112,0.0606168025522864,0.2727272727272727
expanded::GEO_GSE336633_H5AD_INTERNAL_LABEL_EXPANDED::DC1,expanded,GEO_GSE336633_H5AD_INTERNAL_LABEL_EXPANDED,DC1,32,26-100,0.0128720836685438,0.0132340777502067,0.0130505709624796,0.0098522167487684,0.0132450331125827,,0.0023452768729641,0.0079391333112801,0.00036199408166289956,0.00018350678772709877,0.0003729494440389003,1.0955362376000727e-05,,,-0.010526806795579699,-0.0049329503572637,False,False,False,False,False,False,False,0.0066061106523534,0.25,0.0067969413763806,0.25
expanded::GEO_GSE336633_H5AD_INTERNAL_LABEL_EXPANDED::DC2,expanded,GEO_GSE336633_H5AD_INTERNAL_LABEL_EXPANDED,DC2,47,26-100,0.003457216940363,0.0035874439461883,0.0070360598065083,0.0035118525021949,0.0035118525021949,,0.0067891373801916,0.0054819552306989,0.0001302270058253,-0.00344861586032,5.463556183189994e-05,-0.0035242073043134,,,0.0033319204398286,0.0020247382903359,False,False,False,False,False,False,False,0.0018018018018018,0.0425531914893617,0.0018726591760299,0.0425531914893617
expanded::GEO_GSE336633_H5AD_INTERNAL_LABEL_EXPANDED::Intermediate macrophages,expanded,GEO_GSE336633_H5AD_INTERNAL_LABEL_EXPANDED,Intermediate macrophages,46,26-100,0.0,0.0,0.0,0.0,0.0,,0.0065422359053299,0.0033222591362126,0.0,0.0,0.0,0.0,,,0.0065422359053299,0.0033222591362126,False,False,False,False,False,False,False,0.0,0.0,0.0,0.0
expanded::GEO_GSE336633_H5AD_INTERNAL_LABEL_EXPANDED::Lymphatic endothelial cells,expanded,GEO_GSE336633_H5AD_INTERNAL_LABEL_EXPANDED,Lymphatic endothelial cells,814,501-1000,0.4219285364659814,0.3913630229419703,0.3970655662540119,0.3822495606326889,0.4007386888273315,,0.366223908918406,0.460431654676259,-0.0305655135240111,-0.0305655135240111,-0.021189847638649895,-0.021189847638649895,,,-0.05570462754757538,0.03850311821027763,False,False,False,False,True,False,True,0.3506916192026037,0.5294840294840295,0.3087295954577714,0.5343980343980343
expanded::GEO_GSE336633_H5AD_INTERNAL_LABEL_EXPANDED::Macrophages,expanded,GEO_GSE336633_H5AD_INTERNAL_LABEL_EXPANDED,Macrophages,7212,>1000,0.259183254668582,0.2557438403160411,0.2592363261093911,0.2520045819014891,0.2552045572242362,,0.0957859197198949,0.2137505509034817,-0.003439414352540915,-0.003492485793350042,-0.003978697444345813,-0.0040317688851549405,,,-0.16339733494868708,-0.04543270376510031,False,False,False,False,False,False,False,0.4984214680347277,0.1751247920133111,0.5110095554632322,0.170549084858569
expanded::GEO_GSE336633_H5AD_INTERNAL_LABEL_EXPANDED::Mast cells,expanded,GEO_GSE336633_H5AD_INTERNAL_LABEL_EXPANDED,Mast cells,1326,>1000,0.4171056709017663,0.4178168130489335,0.4180225281602003,0.4185758513931888,0.4235517568850902,,0.2692307692307692,0.4513941220798794,0.0007111421471671653,-0.0007590383442553361,0.006446085983323913,0.004975905491901411,,,-0.1478749016709971,0.03428845117811308,False,False,False,False,False,False,False,0.3540241977906365,0.5075414781297134,0.3576799140708915,0.502262443438914
expanded::GEO_GSE336633_H5AD_INTERNAL_LABEL_EXPANDED::Memory B cells,expanded,GEO_GSE336633_H5AD_INTERNAL_LABEL_EXPANDED,Memory B cells,3128,>1000,0.2388736427633934,0.2380089404373565,0.2350119904076738,0.2384217490677252,0.2394213381555154,,0.0927862697774202,0.2273940112659353,-0.0008647023260369147,-0.0008647023260369147,0.0005476953921219885,0.0005476953921219885,,,-0.14608737298597319,-0.011479631497458093,False,False,False,False,False,False,False,0.1905577765086617,0.3200127877237851,0.1912992814138667,0.3148976982097187
expanded::GEO_GSE336633_H5AD_INTERNAL_LABEL_EXPANDED::Myofibroblasts,expanded,GEO_GSE336633_H5AD_INTERNAL_LABEL_EXPANDED,Myofibroblasts,217,101-500,0.0464396284829721,0.0508744038155802,0.0488176964149504,0.0453857791225416,0.0488188976377952,,0.0328708644610458,0.0475785896346644,0.004434775332608096,0.002056707400629798,0.002379269154823095,-0.0020555061777850006,,,-0.013568764021926305,0.0011389611516922984,False,False,False,False,False,False,False,0.027906976744186,0.1382488479262673,0.0307396733909702,0.1474654377880184
expanded::GEO_GSE336633_H5AD_INTERNAL_LABEL_EXPANDED::Naive B cells,expanded,GEO_GSE336633_H5AD_INTERNAL_LABEL_EXPANDED,Naive B cells,96,26-100,0.0087032201914708,0.0068201193520886,0.0086355785837651,0.0080064051240992,0.0069686411149825,,0.0066969624491748,0.0075152653828088,-0.0018831008393822004,-0.0018831008393822004,-0.0017345790764883,-0.0017345790764883,,,-0.0020062577422960007,-0.001187954808662,False,False,False,False,False,False,False,0.0047483380816714,0.0520833333333333,0.0037140204271123,0.0416666666666666
expanded::GEO_GSE336633_H5AD_INTERNAL_LABEL_EXPANDED::Non-classical monocytes,expanded,GEO_GSE336633_H5AD_INTERNAL_LABEL_EXPANDED,Non-classical monocytes,45,26-100,0.0015785319652722,0.001592356687898,0.0015822784810126,0.0015637216575449,0.0007902015013828,,0.0043818466353677,0.0058788947677836,1.3824722625799864e-05,1.0078206885399824e-05,-0.0007883304638894,-0.0008021551865151999,,,0.0028033146700955002,0.0043003628025114,False,False,False,False,False,False,False,0.0008035355564483,0.0444444444444444,0.0008107012565869,0.0444444444444444
expanded::GEO_GSE336633_H5AD_INTERNAL_LABEL_EXPANDED::Pericytes,expanded,GEO_GSE336633_H5AD_INTERNAL_LABEL_EXPANDED,Pericytes,91,26-100,0.0240096038415366,0.026097271648873,0.0214797136038186,0.0219512195121951,0.0262216924910607,,0.0062754941951678,0.0164271047227926,0.002087667807336397,0.002087667807336397,0.0022120886495240986,0.0001244208421877016,,,-0.017734109646368804,-0.007582499118744,False,False,False,False,False,False,False,0.013477088948787,0.1098901098901098,0.014627659574468,0.1208791208791208
expanded::GEO_GSE336633_H5AD_INTERNAL_LABEL_EXPANDED::Plasma cells,expanded,GEO_GSE336633_H5AD_INTERNAL_LABEL_EXPANDED,Plasma cells,890,501-1000,0.517901748542881,0.4776802747043113,0.4580432392817882,0.5004016064257027,0.479877347642775,,0.4515195369030391,0.5585919407132932,-0.040221473838569666,-0.040221473838569666,-0.03802440090010595,-0.03802440090010595,,,-0.06638221163984187,0.040690192170412254,False,False,False,False,True,False,True,0.4113756613756614,0.698876404494382,0.3616406701328711,0.7033707865168539
expanded::GEO_GSE336633_H5AD_INTERNAL_LABEL_EXPANDED::Pulmonary SMC,expanded,GEO_GSE336633_H5AD_INTERNAL_LABEL_EXPANDED,Pulmonary SMC,3419,>1000,0.5474358974358975,0.5422535211267605,0.5416772232074994,0.5462555066079295,0.5445482866043614,,0.389481373265157,0.5472636815920399,-0.005182376309136982,-0.005182376309136982,-0.0028876108315361027,-0.0028876108315361027,,,-0.15795452417074046,-0.000172215843857626,False,False,False,False,False,False,False,0.4873316594384844,0.624451594033343,0.4635665351878762,0.6531149458906113
expanded::GEO_GSE336633_H5AD_INTERNAL_LABEL_EXPANDED::Pulmonary venous endothelial cells,expanded,GEO_GSE336633_H5AD_INTERNAL_LABEL_EXPANDED,Pulmonary venous endothelial cells,5246,>1000,0.221697457980275,0.2116630669546436,0.2184232834133936,0.213716999580947,0.2111335448514565,,0.0501845018450184,0.1855410300834777,-0.01003439102563139,-0.01003439102563139,-0.010563913128818492,-0.010563913128818492,,,-0.17151295613525658,-0.036156427896797294,False,False,False,False,True,False,True,0.4086021505376344,0.1521158978269157,0.4326074161271336,0.140106747998475
expanded::GEO_GSE336633_H5AD_INTERNAL_LABEL_EXPANDED::Regulatory T cells,expanded,GEO_GSE336633_H5AD_INTERNAL_LABEL_EXPANDED,Regulatory T cells,2106,>1000,0.4770206022187004,0.4770379787064992,0.4768864177918983,0.473559589581689,0.4764930114358322,,0.396816037735849,0.489181879648411,1.7376487798814733e-05,1.7376487798814733e-05,-0.0005275907828681814,-0.0005449672706669961,,,-0.0802045644828514,0.01216127742971057,False,False,False,False,False,False,False,0.3579923882017126,0.714624881291548,0.3584905660377358,0.7127255460588794
expanded::GEO_GSE336633_H5AD_INTERNAL_LABEL_EXPANDED::Systemic venous endothelial cells,expanded,GEO_GSE336633_H5AD_INTERNAL_LABEL_EXPANDED,Systemic venous endothelial cells,761,501-1000,0.2827586206896552,0.2857142857142857,0.2839036755386565,0.2822784810126582,0.2829766847652507,,0.2861468584405753,0.3291139240506329,0.002955665024630516,0.0018106101756292237,0.00021806407559549212,-0.002737600949035024,,,0.00338823775092012,0.04635530336097771,False,False,False,False,False,False,False,0.1856731165088513,0.5926412614980289,0.1890399320305862,0.5847568988173456
expanded::GEO_GSE336633_H5AD_INTERNAL_LABEL_EXPANDED::Tcm/Naive helper T cells,expanded,GEO_GSE336633_H5AD_INTERNAL_LABEL_EXPANDED,Tcm/Naive helper T cells,8000,>1000,0.4535654395911522,0.4436175376152726,0.4335687304976187,0.4418206986401759,0.4464974293059126,,0.3261834319526627,0.4406587166382737,-0.00994790197587958,-0.00994790197587958,-0.007068010285239623,-0.007068010285239623,,,-0.1273820076384895,-0.01290672295287848,False,False,False,False,False,False,False,0.6279018350652222,0.355,0.6286107290233838,0.34275
expanded::GEO_GSE336633_H5AD_INTERNAL_LABEL_EXPANDED::Tem/Temra cytotoxic T cells,expanded,GEO_GSE336633_H5AD_INTERNAL_LABEL_EXPANDED,Tem/Temra cytotoxic T cells,132,101-500,0.0278637770897832,0.0273141122913505,0.0309597523219814,0.0321543408360128,0.027027027027027,,0.0206896551724137,0.0247787610619469,-0.0005496647984327002,-0.004840228544662296,-0.0008367500627562002,-0.005127313808985796,,,-0.007174121917369502,-0.003085016027836302,False,False,False,False,False,False,False,0.0175097276264591,0.0681818181818181,0.01707779886148,0.0681818181818181
expanded::GEO_GSE336633_H5AD_INTERNAL_LABEL_EXPANDED::Tem/Trm cytotoxic T cells,expanded,GEO_GSE336633_H5AD_INTERNAL_LABEL_EXPANDED,Tem/Trm cytotoxic T cells,941,501-1000,0.3396226415094339,0.3355201499531396,0.3435754189944134,0.3469194312796208,0.3362914525922466,,0.2874711760184473,0.3392857142857143,-0.004102491556294274,-0.011399281326481214,-0.003331188917187311,-0.010627978687374251,,,-0.05215146549098659,-0.0003369272237195853,False,False,False,False,False,False,False,0.299512987012987,0.3921360255047821,0.3000838222967309,0.3804463336875664
expanded::GEO_GSE336633_H5AD_INTERNAL_LABEL_EXPANDED::Trm cytotoxic T cells,expanded,GEO_GSE336633_H5AD_INTERNAL_LABEL_EXPANDED,Trm cytotoxic T cells,622,501-1000,0.0174102285092491,0.0218818380743982,0.019650655021834,0.0171122994652406,0.019650655021834,,0.0363321799307958,0.0159151193633952,0.004471609565149099,0.0022311830525642007,0.0022404265125848984,-0.0022311830525642007,,,0.0189219514215467,-0.0014951091458538998,False,False,False,False,False,False,False,0.0269360269360269,0.0128617363344051,0.0342465753424657,0.0160771704180064
expanded::GEO_GSE337336_GENERIC_CSV_PAIR_EXPANDED::B.cell,expanded,GEO_GSE337336_GENERIC_CSV_PAIR_EXPANDED,B.cell,2500,>1000,0.4300888792542813,0.4368763557483731,0.4362068965517242,0.4367469879518073,0.4442534908700322,,0.5109196553796834,0.5068033918359297,0.006787476494091782,0.00012936779656580466,0.014164611615750888,0.007377135121659106,,,0.08083077612540213,0.07671451258164841,False,False,False,False,False,True,False,0.4694746805489825,0.3968,0.4772511848341232,0.4028
expanded::GEO_GSE337336_GENERIC_CSV_PAIR_EXPANDED::Endothelial.cell,expanded,GEO_GSE337336_GENERIC_CSV_PAIR_EXPANDED,Endothelial.cell,2500,>1000,0.5196348970494588,0.5160318485044114,0.5097284584135129,0.516911295469049,0.5193929173693085,,0.4501160092807424,0.5290375538682537,-0.003603048545047338,-0.003603048545047338,-0.0002419796801502727,-0.0002419796801502727,,,-0.06951888776871634,0.00940265681879493,False,False,False,False,False,False,False,0.55359565807327,0.4896,0.5584536562645552,0.4796
expanded::GEO_GSE337336_GENERIC_CSV_PAIR_EXPANDED::Fibroblast,expanded,GEO_GSE337336_GENERIC_CSV_PAIR_EXPANDED,Fibroblast,2500,>1000,0.7352036199095022,0.7345757191966709,0.7330070690592714,0.7286541244573081,0.7306233062330623,,0.7407571396944875,0.7587101556708673,-0.0006279007128313641,-0.0006279007128313641,-0.004580313676439962,-0.004580313676439962,,,0.005553519784985306,0.023506535761365077,False,False,False,False,False,False,False,0.6714049586776859,0.8124,0.6706309877766766,0.812
expanded::GEO_GSE337336_GENERIC_CSV_PAIR_EXPANDED::Keratinocyte,expanded,GEO_GSE337336_GENERIC_CSV_PAIR_EXPANDED,Keratinocyte,2500,>1000,0.639344262295082,0.6341263330598851,0.6377105743860361,0.6480780720971918,0.6366197183098592,,0.5464465183058148,0.6618299072954454,-0.0052179292351969275,-0.013951739037306732,-0.002724543985222816,-0.01145835378733262,,,-0.0928977439892672,0.02248564500036343,False,False,False,False,False,False,False,0.6390887290167866,0.6396,0.6506734006734006,0.6184
expanded::GEO_GSE337336_GENERIC_CSV_PAIR_EXPANDED::Macrophage.DC,expanded,GEO_GSE337336_GENERIC_CSV_PAIR_EXPANDED,Macrophage.DC,2500,>1000,0.7162440027416038,0.7110574435052613,0.7100673458815403,0.7068314452454514,0.7179397946754829,,0.7347723872622355,0.7454058876003569,-0.005186559236342481,-0.005186559236342481,0.0016957919338790317,0.0016957919338790317,,,0.018528384520631658,0.02916188485875304,False,False,False,False,False,False,False,0.6264988009592326,0.836,0.6251137397634213,0.8244
expanded::GEO_GSE337336_GENERIC_CSV_PAIR_EXPANDED::Melanocyte,expanded,GEO_GSE337336_GENERIC_CSV_PAIR_EXPANDED,Melanocyte,2500,>1000,0.5536585365853659,0.5676392572944298,0.5582112567463378,0.5561193423990257,0.554188169908694,,0.3588372870030069,0.5338253382533825,0.013980720709063865,0.009428000548092008,0.0005296333233281159,-0.01345108738573575,,,-0.19482124958235902,-0.01983319833198338,False,False,False,True,False,False,False,0.5628099173553719,0.5448,0.5392368610511159,0.5992
expanded::GEO_GSE337336_GENERIC_CSV_PAIR_EXPANDED::Pericyte,expanded,GEO_GSE337336_GENERIC_CSV_PAIR_EXPANDED,Pericyte,2500,>1000,0.4098861427381283,0.4053137365743358,0.4020327498588367,0.4102564102564102,0.4051411008661637,,0.3059982613735149,0.4042728019720624,-0.004572406163792508,-0.0049426736820744055,-0.004745041871964617,-0.005115309390246514,,,-0.10388788136461341,-0.0056133407660659,False,False,False,False,False,False,False,0.670299727520436,0.2952,0.6907514450867052,0.2868
expanded::GEO_GSE337336_GENERIC_CSV_PAIR_EXPANDED::T.cell,expanded,GEO_GSE337336_GENERIC_CSV_PAIR_EXPANDED,T.cell,2500,>1000,0.6488259668508287,0.6439671730399861,0.6411332633788038,0.6419144817877881,0.6517794836008374,,0.6372591006423982,0.671099928109274,-0.004858793810842643,-0.004858793810842643,0.0029535167500086557,0.0029535167500086557,,,-0.011566866208430504,0.022273961258445274,False,False,False,False,False,False,False,0.5707776427703524,0.7516,0.5714285714285714,0.7376
expanded::GSE202623_CELLTYPE_EXPANDED::Astrocytes,expanded,GSE202623_CELLTYPE_EXPANDED,Astrocytes,1000,501-1000,0.777933613838242,0.7851357789423534,0.7853053435114503,0.7690058479532162,0.7812499999999999,,0.7484545886828342,0.7786542923433875,0.007202165104111424,-0.00016956456909689166,0.0033163861617578894,-0.004055343511450427,,,-0.02947902515540779,0.0007206785051454556,False,False,False,False,False,False,False,0.7304653204565408,0.832,0.7497725204731575,0.824
expanded::GSE202623_CELLTYPE_EXPANDED::CA1-ProS,expanded,GSE202623_CELLTYPE_EXPANDED,CA1-ProS,54,26-100,0.1138392857142857,0.1160409556313993,0.1167048054919908,0.1301020408163265,0.1169724770642201,,0.078125,0.1468428781204111,0.0022016699171135967,-0.014061085184927213,0.0031331913499344083,-0.013129563752106402,,,-0.0357142857142857,0.03300359240612541,False,False,False,False,False,False,False,0.0605700712589073,0.9444444444444444,0.0618181818181818,0.9444444444444444
expanded::GSE202623_CELLTYPE_EXPANDED::CA3,expanded,GSE202623_CELLTYPE_EXPANDED,CA3,656,501-1000,0.5020576131687243,0.4838709677419354,0.4873609706774519,0.4855144855144855,0.4925602873268342,,0.6195402298850574,0.5521405049396269,-0.01818664542678894,-0.01818664542678894,-0.009497325841890114,-0.009497325841890114,,,0.11748261671633309,0.05008289177090253,False,False,False,False,True,False,False,0.3788819875776397,0.7439024390243902,0.3614457831325301,0.7317073170731707
expanded::GSE202623_CELLTYPE_EXPANDED::CR,expanded,GSE202623_CELLTYPE_EXPANDED,CR,269,101-500,0.1785714285714285,0.2167630057803468,0.2122093023255813,0.1540983606557377,0.1961414790996784,,0.0394366197183098,0.2109533468559837,0.038191577208918304,0.004553703454765495,0.01757005052824992,-0.020621526680668384,,,-0.13913480885311869,0.032381918284555194,False,False,False,True,False,True,False,0.1585014409221902,0.2044609665427509,0.1773049645390071,0.2788104089219331
expanded::GSE202623_CELLTYPE_EXPANDED::Car3,expanded,GSE202623_CELLTYPE_EXPANDED,Car3,1000,501-1000,0.6924050632911393,0.6944444444444444,0.694006309148265,0.7049382716049383,0.6919671094244151,,0.2451838879159369,0.6476063829787234,0.002039381153305153,-0.010493827160493852,-0.00043795386672418335,-0.012971162180523188,,,-0.44722117537520234,-0.04479868031241585,False,False,False,False,False,False,False,0.943103448275862,0.547,0.9417808219178082,0.55
expanded::GSE202623_CELLTYPE_EXPANDED::Chat,expanded,GSE202623_CELLTYPE_EXPANDED,Chat,1000,501-1000,0.8105263157894738,0.8114086146682187,0.81002331002331,0.8018648018648019,0.8088320743753632,,0.7476007677543186,0.823063877897117,0.0008822988787449138,0.0008822988787449138,-0.0016942414141105644,-0.002576540292855478,,,-0.06292554803515515,0.01253756210764323,False,False,False,False,False,False,False,0.976056338028169,0.693,0.9707520891364902,0.697
expanded::GSE202623_CELLTYPE_EXPANDED::D1 MSN,expanded,GSE202623_CELLTYPE_EXPANDED,D1 MSN,1000,501-1000,0.7928007023705005,0.8067375886524821,0.8070953436807097,0.7790994052676296,0.8033583738400354,,0.759601706970128,0.8010657193605684,0.013936886281981642,-0.00035775502822754657,0.010557671469534902,-0.003736969840674287,,,-0.03319899540037252,0.008265016990067875,False,False,False,True,False,True,False,0.7065727699530516,0.903,0.7245222929936306,0.91
expanded::GSE202623_CELLTYPE_EXPANDED::D2 MSN,expanded,GSE202623_CELLTYPE_EXPANDED,D2 MSN,1000,501-1000,0.836607570675611,0.8357211079274116,0.8363636363636364,0.8266666666666667,0.8377213977979895,,0.8424153166421208,0.8574190430159497,-0.0008864627481993681,-0.0008864627481993681,0.001113827122378508,0.001113827122378508,,,0.005807745966509792,0.020811472340338755,False,False,False,False,False,False,False,0.8031278748850046,0.873,0.79981718464351,0.875
expanded::GSE202623_CELLTYPE_EXPANDED::DG,expanded,GSE202623_CELLTYPE_EXPANDED,DG,1000,501-1000,0.2766101694915254,0.2262658227848101,0.2287066246056782,0.2512635379061372,0.2618181818181818,,0.0,0.1905476369092273,-0.05034434670671528,-0.05034434670671528,-0.01479198767334361,-0.01479198767334361,,,-0.2766101694915254,-0.0860625325822981,False,False,False,False,True,False,True,0.4294736842105263,0.204,0.5416666666666666,0.143
expanded::GSE202623_CELLTYPE_EXPANDED::Endothelial,expanded,GSE202623_CELLTYPE_EXPANDED,Endothelial,1000,501-1000,0.7000759301442673,0.7100500577589527,0.7076923076923077,0.7141181071568244,0.7114041892940264,,0.8421559191530317,0.770004189359028,0.009974127614685413,-0.004068049397871754,0.011328259149759101,-0.0027139178627980654,,,0.1420799890087644,0.06992825921476076,False,False,False,False,False,True,False,0.5642594859241126,0.922,0.5773324984345648,0.922
expanded::GSE202623_CELLTYPE_EXPANDED::Ependymal,expanded,GSE202623_CELLTYPE_EXPANDED,Ependymal,1000,501-1000,0.9449636552440293,0.9566502463054188,0.956777996070727,0.9612870789341378,0.955044955044955,,0.9428989751098096,0.9551637279596976,0.011686591061389584,-0.004636832628718945,0.010081299800925758,-0.006242123889182771,,,-0.0020646801342196763,0.010200072715668362,False,False,False,True,False,True,False,0.9827213822894167,0.91,0.9427184466019416,0.971
expanded::GSE202623_CELLTYPE_EXPANDED::Excitatory_Thalamus,expanded,GSE202623_CELLTYPE_EXPANDED,Excitatory_Thalamus,1000,501-1000,0.8544243577545195,0.8571428571428571,0.8576796618130578,0.8549618320610687,0.8586337760910816,,0.5209897136502641,0.7924528301886794,0.0027184993883375697,-0.0005368046702006746,0.004209418336562076,0.0009541142780238321,,,-0.3334346441042554,-0.06197152756584012,False,False,False,False,False,False,False,0.8148820326678766,0.898,0.8085106382978723,0.912
expanded::GSE202623_CELLTYPE_EXPANDED::Inhibitory_BrainStem,expanded,GSE202623_CELLTYPE_EXPANDED,Inhibitory_BrainStem,1000,501-1000,0.6919032597266036,0.7106339468302658,0.7107014848950333,0.6927029804727647,0.7082474226804124,,0.5430251202565474,0.6778924497555676,0.018730687103662214,-6.753806476744728e-05,0.016344162953808805,-0.0024540622146208557,,,-0.14887813947005624,-0.014010809971035987,False,False,False,True,False,True,False,0.729490022172949,0.658,0.7269874476987448,0.695
expanded::GSE202623_CELLTYPE_EXPANDED::L2 IT ENTl,expanded,GSE202623_CELLTYPE_EXPANDED,L2 IT ENTl,1000,501-1000,0.4387372926698769,0.4394520547945205,0.4375,0.4278820375335121,0.4355458036204059,,0.1037900874635568,0.3483788938334393,0.0007147621246436087,0.0007147621246436087,-0.0031914890494709747,-0.003906251174114583,,,-0.3349472052063201,-0.09035839883643759,False,False,False,False,False,False,False,0.4718066743383199,0.41,0.4860606060606061,0.401
expanded::GSE202623_CELLTYPE_EXPANDED::L2/3 IT CTX,expanded,GSE202623_CELLTYPE_EXPANDED,L2/3 IT CTX,1000,501-1000,0.5913818722139672,0.5945945945945946,0.593719332679097,0.5833333333333334,0.5923344947735192,,0.3393939393939394,0.5474537037037037,0.0032127223806274197,0.0008752619154975827,0.0009526225595519744,-0.0022600998210754453,,,-0.2519879328200278,-0.04392816851026349,False,False,False,False,False,False,False,0.5858684985279686,0.597,0.5845410628019324,0.605
expanded::GSE202623_CELLTYPE_EXPANDED::L2/3 IT PPP,expanded,GSE202623_CELLTYPE_EXPANDED,L2/3 IT PPP,253,101-500,0.4781491002570693,0.5006553079947575,0.5046235138705415,0.5064599483204134,0.4781491002570693,,0.0702360391479562,0.3731931668856767,0.022506207737688244,-0.005804640325655863,0.0,-0.028310848063344107,,,-0.4079130611091131,-0.10495593337139258,False,False,False,True,False,False,False,0.3542857142857142,0.7351778656126482,0.3745098039215686,0.7549407114624506
expanded::GSE202623_CELLTYPE_EXPANDED::L4 RSP-ACA,expanded,GSE202623_CELLTYPE_EXPANDED,L4 RSP-ACA,136,101-500,0.2503128911138923,0.2505966587112171,0.2524038461538461,0.2433460076045627,0.2412177985948477,,0.1298076923076923,0.1735015772870662,0.00028376759732479107,-0.001807187442628977,-0.009095092519044612,-0.01118604755899838,,,-0.12050519880620003,-0.07681131382682613,False,False,False,False,False,False,False,0.1508295625942684,0.7352941176470589,0.1495726495726495,0.7720588235294118
expanded::GSE202623_CELLTYPE_EXPANDED::L4/5 IT CTX,expanded,GSE202623_CELLTYPE_EXPANDED,L4/5 IT CTX,1000,501-1000,0.5814185814185814,0.5912621359223302,0.5913717886572952,0.5893203883495146,0.5810546875,,0.5371148459383753,0.5857580398162328,0.009843554503748853,-0.00010965273496499339,-0.00036389391858138165,-0.010317101157295228,,,-0.04430373548020605,0.0043394583976513745,False,False,False,False,False,False,False,0.5808383233532934,0.582,0.5745283018867925,0.609
expanded::GSE202623_CELLTYPE_EXPANDED::L5 IT CTX,expanded,GSE202623_CELLTYPE_EXPANDED,L5 IT CTX,1000,501-1000,0.492343934040047,0.4914353219137626,0.4914555097230407,0.4936854190585534,0.4834123222748814,,0.4043653072946583,0.5149632975719932,-0.0009086121262844027,-0.002250097144790797,-0.008931611765165604,-0.010273096783671998,,,-0.0879786267453887,0.022619363531946213,False,False,False,False,False,False,False,0.5988538681948424,0.418,0.6002886002886003,0.416
expanded::GSE202623_CELLTYPE_EXPANDED::L5 PT CTX,expanded,GSE202623_CELLTYPE_EXPANDED,L5 PT CTX,1000,501-1000,0.4202166064981949,0.4108187134502924,0.4131386861313868,0.4031791907514451,0.4075967859751643,,0.0256410256410256,0.2491525423728813,-0.009397893047902506,-0.009397893047902506,-0.012619820523030623,-0.012619820523030623,,,-0.3945755808571693,-0.1710640641253136,False,False,False,False,False,False,True,0.7558441558441559,0.291,0.7635869565217391,0.281
expanded::GSE202623_CELLTYPE_EXPANDED::L5/6 IT TPE-ENT,expanded,GSE202623_CELLTYPE_EXPANDED,L5/6 IT TPE-ENT,176,101-500,0.2108345534407027,0.2227525855210819,0.2218725413060581,0.2006920415224913,0.2151993980436418,,0.0,0.311178247734139,0.011918032080379198,0.0008800442150238008,0.004364844602939094,-0.007553187477440104,,,-0.2108345534407027,0.10034369429343629,False,False,False,True,False,False,False,0.1210084033613445,0.8181818181818182,0.1295097132284921,0.7954545454545454
expanded::GSE202623_CELLTYPE_EXPANDED::L5/6 NP CTX,expanded,GSE202623_CELLTYPE_EXPANDED,L5/6 NP CTX,1000,501-1000,0.5251926496739775,0.5218956208758249,0.5216346153846154,0.5183431952662721,0.5198079231692676,,0.3846153846153846,0.5313010342950463,-0.0032970287981526347,-0.0032970287981526347,-0.005384726504709891,-0.005384726504709891,,,-0.14057726505859292,0.006108384621068774,False,False,False,False,False,False,False,0.6448326055312955,0.443,0.6521739130434783,0.435
expanded::GSE202623_CELLTYPE_EXPANDED::L6 CT CTX,expanded,GSE202623_CELLTYPE_EXPANDED,L6 CT CTX,1000,501-1000,0.7006673021925645,0.6991711360312043,0.7001462701121404,0.6943396226415094,0.6961063627730294,,0.6565774155995343,0.6960865945045794,-0.0014961661613601684,-0.0014961661613601684,-0.0045609394195350594,-0.0045609394195350594,,,-0.04408988659303015,-0.0045807076879850195,False,False,False,False,False,False,False,0.6693989071038251,0.735,0.6822074215033301,0.717
expanded::GSE202623_CELLTYPE_EXPANDED::L6 IT CTX,expanded,GSE202623_CELLTYPE_EXPANDED,L6 IT CTX,1000,501-1000,0.2996845425867508,0.2735462735462735,0.2678718159408381,0.2504118616144975,0.2877697841726619,,0.5186114596403179,0.5434782608695653,-0.026138269040477335,-0.026138269040477335,-0.0119147584140889,-0.0119147584140889,,,0.21892691705356704,0.2437937182828145,False,False,False,False,True,False,True,0.7089552238805971,0.19,0.755656108597285,0.167
expanded::GSE202623_CELLTYPE_EXPANDED::L6b CTX,expanded,GSE202623_CELLTYPE_EXPANDED,L6b CTX,1000,501-1000,0.4812252964426877,0.4743865690916917,0.472318339100346,0.4853168469860896,0.477818853974122,,0.170444242973708,0.4848109113453193,-0.006838727350995999,-0.010930277894397933,-0.0034064424685656958,-0.00749799301196763,,,-0.31078105346897966,0.0035856149026315953,False,False,False,False,False,False,False,0.4755859375,0.487,0.4164777021919879,0.551
expanded::GSE202623_CELLTYPE_EXPANDED::L6b/CT ENT,expanded,GSE202623_CELLTYPE_EXPANDED,L6b/CT ENT,1000,501-1000,0.2051282051282051,0.2313147845062738,0.233695652173913,0.2380216383307573,0.2323068611561318,,0.0318650421743205,0.2438770192808754,0.026186579378068703,-0.006706853824483494,0.027178656027926712,-0.005714777174625485,,,-0.1732631629538846,0.03874881415267031,False,False,False,True,False,True,False,0.2151481888035126,0.196,0.2545018007202881,0.212
expanded::GSE202623_CELLTYPE_EXPANDED::Lamp5,expanded,GSE202623_CELLTYPE_EXPANDED,Lamp5,1000,501-1000,0.7436037016875341,0.7518796992481203,0.7526881720430109,0.733186328555678,0.7497314715359829,,0.7604120017913121,0.8023598820058997,0.008275997560586168,-0.0008084727948906023,0.006127769848448761,-0.0029567005070280095,,,0.016808300103777984,0.0587561803183656,False,False,False,False,False,False,False,0.8160095579450418,0.683,0.8120649651972158,0.7
expanded::GSE202623_CELLTYPE_EXPANDED::Macrophages,expanded,GSE202623_CELLTYPE_EXPANDED,Macrophages,256,101-500,0.267223382045929,0.2414578587699316,0.2409090909090909,0.3043478260869565,0.2964224872231686,,0.3012048192771084,0.3920454545454546,-0.025765523275997404,-0.0628899673170249,0.029199105177239615,-0.007925338863787879,,,0.03398143723117941,0.1248220724995256,False,False,False,False,True,True,False,0.2869955156950672,0.25,0.2896174863387978,0.20703125
expanded::GSE202623_CELLTYPE_EXPANDED::Microglia,expanded,GSE202623_CELLTYPE_EXPANDED,Microglia,1000,501-1000,0.7314990512333966,0.7376744186046512,0.7368421052631579,0.6480386888769478,0.6944858420268257,,0.0156402737047898,0.1592128801431127,0.00617536737125457,0.0008323133414933626,-0.03701320920657092,-0.04318857657782549,,,-0.7158587775286068,-0.572286171090284,False,False,False,False,False,False,True,0.6958483754512635,0.771,0.6895652173913044,0.793
expanded::GSE202623_CELLTYPE_EXPANDED::NP PPP,expanded,GSE202623_CELLTYPE_EXPANDED,NP PPP,59,26-100,0.0181405895691609,0.0190930787589498,0.0233100233100233,0.0176211453744493,0.0272108843537414,,0.0,0.0319488817891373,0.0009524891897888972,-0.004216944551073503,0.009070294784580497,0.003900861043718097,,,-0.0181405895691609,0.013808292219976401,False,False,False,False,False,False,False,0.0104712041884816,0.0677966101694915,0.0111111111111111,0.0677966101694915
expanded::GSE202623_CELLTYPE_EXPANDED::NeuralPrecursors,expanded,GSE202623_CELLTYPE_EXPANDED,NeuralPrecursors,464,101-500,0.918918918918919,0.9267241379310344,0.9254054054054054,0.9219251336898396,0.9254054054054054,,0.5956204379562043,0.912400455062571,0.007805219012115394,0.001318732525628974,0.00648648648648642,-0.001318732525628974,,,-0.32329848096271463,-0.006518463856348022,False,False,False,False,False,False,False,0.9219088937093276,0.915948275862069,0.9267241379310344,0.9267241379310344
expanded::GSE202623_CELLTYPE_EXPANDED::OPCs,expanded,GSE202623_CELLTYPE_EXPANDED,OPCs,1000,501-1000,0.8751381215469614,0.8713968957871396,0.872989462007765,0.8619340413638905,0.8680287134180011,,0.7860984691766654,0.9002506265664161,-0.0037412257598217202,-0.0037412257598217202,-0.007109408128960215,-0.007109408128960215,,,-0.08903965237029599,0.025112505019454723,False,False,False,False,False,False,False,0.9777777777777776,0.792,0.9776119402985076,0.786
expanded::GSE202623_CELLTYPE_EXPANDED::Oligodendrocyte,expanded,GSE202623_CELLTYPE_EXPANDED,Oligodendrocyte,1000,501-1000,0.9134524929444968,0.9184347006129184,0.9170593779453348,0.88,0.916429249762583,,0.8440463645943099,0.937350549976088,0.004982207668421612,0.0013753226675836672,0.002976756818086179,-0.002005450850335433,,,-0.06940612835018689,0.023898057031591202,False,False,False,False,False,False,False,0.8623445825932504,0.971,0.8688670829616414,0.974
expanded::GSE202623_CELLTYPE_EXPANDED::Pericytes,expanded,GSE202623_CELLTYPE_EXPANDED,Pericytes,1000,501-1000,0.7132442284325636,0.7133292757151553,0.7134146341463414,0.6868811881188119,0.7061583577712609,,0.8331441543700342,0.786255096097845,8.504728259162153e-05,-8.53584311861777e-05,-0.007085870661302729,-0.007256276375080528,,,0.11989992593747056,0.07301086766528142,False,False,False,False,False,False,False,0.9086687306501549,0.587,0.911353032659409,0.586
expanded::GSE202623_CELLTYPE_EXPANDED::Pvalb,expanded,GSE202623_CELLTYPE_EXPANDED,Pvalb,1000,501-1000,0.7843691148775894,0.7872744539411206,0.7872744539411206,0.7735583684950774,0.7845567206863681,,0.6979381443298969,0.7735224586288416,0.002905339063531187,0.0,0.00018760580877863475,-0.0027177332547525523,,,-0.08643097054769255,-0.01084665624874781,False,False,False,False,False,False,False,0.7411032028469751,0.833,0.7495479204339964,0.829
expanded::GSE202623_CELLTYPE_EXPANDED::Sncg,expanded,GSE202623_CELLTYPE_EXPANDED,Sncg,465,101-500,0.5842472582253241,0.5937183383991895,0.5931174089068825,0.5759368836291914,0.5947046843177188,,0.1714285714285714,0.5355648535564854,0.009471080173865443,0.0006009294923070563,0.01045742609239475,0.0009863459185293078,,,-0.4128186867967527,-0.048682404668838664,False,False,False,False,False,True,False,0.5446096654275093,0.6301075268817204,0.5613026819923371,0.6301075268817204
expanded::GSE202623_CELLTYPE_EXPANDED::Sst,expanded,GSE202623_CELLTYPE_EXPANDED,Sst,1000,501-1000,0.6478060046189377,0.6560846560846562,0.6537785588752197,0.6406523005241701,0.6545879602571597,,0.588957055214724,0.6493074792243767,0.00827865146571849,0.0023060972094364196,0.006781955638222037,-0.0014966958274964526,,,-0.0588489494042137,0.0015014746054390349,False,False,False,False,False,False,False,0.7663934426229508,0.561,0.7960057061340942,0.558
expanded::GSE202623_CELLTYPE_EXPANDED::Sst Chodl,expanded,GSE202623_CELLTYPE_EXPANDED,Sst Chodl,735,501-1000,0.8735150244584206,0.8604810996563573,0.861072902338377,0.8787023977433005,0.867219917012448,,0.7965367965367965,0.8822299651567944,-0.013033924802063224,-0.018221298086943172,-0.006295107445972503,-0.011482480730852451,,,-0.07697822792162401,0.008714940698373863,False,False,False,False,True,False,False,0.8979885057471264,0.8503401360544217,0.8694444444444445,0.8517006802721089
expanded::GSE202623_CELLTYPE_EXPANDED::T-cells,expanded,GSE202623_CELLTYPE_EXPANDED,T-cells,237,101-500,0.5203252032520326,0.5126903553299492,0.507537688442211,0.3717948717948718,0.475,,0.2561183836084234,0.3387723387723387,-0.007634847922083354,-0.007634847922083354,-0.0453252032520326,-0.0453252032520326,,,-0.2642068196436092,-0.18155286447969388,False,False,False,False,False,False,True,0.7272727272727273,0.4050632911392405,0.643312101910828,0.4261603375527426
expanded::GSE202623_CELLTYPE_EXPANDED::VLMC,expanded,GSE202623_CELLTYPE_EXPANDED,VLMC,1000,501-1000,0.63564875491481,0.662379421221865,0.6636655948553055,0.6028513238289206,0.6590038314176245,,0.6856780735107731,0.6831432192648923,0.026730666307055007,-0.0012861736334405238,0.023355076502814542,-0.004661763437680988,,,0.05002931859596316,0.04749446435008231,False,False,False,True,False,True,False,0.9220532319391636,0.485,0.927927927927928,0.515
expanded::GSE202623_CELLTYPE_EXPANDED::VSMC,expanded,GSE202623_CELLTYPE_EXPANDED,VSMC,1000,501-1000,0.7880952380952381,0.7953216374269005,0.7899061032863849,0.7802786709539122,0.7698744769874477,,0.85807150595883,0.8309618668184405,0.00722639933166247,0.005415534140515654,-0.018220761107790362,-0.02544716043945283,,,0.0699762678635919,0.04286662872320246,False,False,False,False,False,False,True,0.973529411764706,0.662,0.9577464788732394,0.68
expanded::GSE202623_CELLTYPE_EXPANDED::Vip,expanded,GSE202623_CELLTYPE_EXPANDED,Vip,1000,501-1000,0.7253588516746412,0.7375677006400788,0.7340529931305201,0.7328395061728394,0.7341153470185727,,0.6686440677966102,0.701492537313433,0.012208848965437613,0.0035147075095587343,0.008756495343931525,-0.003452353621506088,,,-0.05671478387803097,-0.02386631436120823,False,False,False,True,False,False,False,0.6954128440366972,0.758,0.7264791464597479,0.749
expanded::SODB_ALLEN2022MOLECULAR_AGING_EXPANDED::astrocyte,expanded,SODB_ALLEN2022MOLECULAR_AGING_EXPANDED,astrocyte,1000,501-1000,0.9520958083832336,0.9494241362043064,0.9497762307309796,0.9443339960238568,0.950375939849624,,0.9490644490644492,0.9574036511156186,-0.0026716721789271647,-0.0026716721789271647,-0.0017198685336096142,-0.0017198685336096142,,,-0.003031359318784399,0.0053078427323850486,False,False,False,False,False,False,False,0.950199203187251,0.954,0.950852557673019,0.948
expanded::SODB_ALLEN2022MOLECULAR_AGING_EXPANDED::cell,expanded,SODB_ALLEN2022MOLECULAR_AGING_EXPANDED,cell,112,101-500,0.7984189723320158,0.7849056603773585,0.7808764940239042,0.7983539094650205,0.7878787878787878,,0.6449704142011835,0.742857142857143,-0.013513311954657214,-0.013513311954657214,-0.010540184453227908,-0.010540184453227908,,,-0.15344855813083225,-0.05556182947487276,False,False,False,False,True,False,True,0.7163120567375887,0.9017857142857144,0.6797385620915033,0.9285714285714286
expanded::SODB_ALLEN2022MOLECULAR_AGING_EXPANDED::endothelial cell,expanded,SODB_ALLEN2022MOLECULAR_AGING_EXPANDED,endothelial cell,1000,501-1000,0.9580171977744056,0.9506361323155216,0.9518987341772152,0.9547993905535804,0.9502032520325204,,0.961025641025641,0.9655521783181358,-0.007381065458884062,-0.007381065458884062,-0.007813945741885209,-0.007813945741885209,,,0.003008443251235393,0.007534980543730141,False,False,False,False,False,False,False,0.969293756397134,0.947,0.9678756476683936,0.934
expanded::SODB_ALLEN2022MOLECULAR_AGING_EXPANDED::inhibitory interneuron,expanded,SODB_ALLEN2022MOLECULAR_AGING_EXPANDED,inhibitory interneuron,1000,501-1000,0.8754799780581459,0.8628762541806019,0.8650442477876106,0.8675096206706981,0.8571428571428572,,0.8811881188118813,0.8874316939890712,-0.012603723877544049,-0.012603723877544049,-0.018337120915288718,-0.018337120915288718,,,0.00570814075373538,0.011951715930925255,False,False,False,False,True,False,True,0.9696233292831106,0.798,0.9748110831234256,0.774
expanded::SODB_ALLEN2022MOLECULAR_AGING_EXPANDED::macrophage,expanded,SODB_ALLEN2022MOLECULAR_AGING_EXPANDED,macrophage,136,101-500,0.4347826086956521,0.4575645756457565,0.4366197183098592,0.4198473282442748,0.4654545454545454,,0.4312267657992565,0.484375,0.02278196695010437,0.020944857335897293,0.030671936758893292,0.007889969808788921,,,-0.0035558428963956,0.049592391304347894,True,False,False,True,False,True,False,0.4285714285714285,0.4411764705882353,0.4592592592592592,0.4558823529411764
expanded::SODB_ALLEN2022MOLECULAR_AGING_EXPANDED::medium spiny neuron,expanded,SODB_ALLEN2022MOLECULAR_AGING_EXPANDED,medium spiny neuron,1000,501-1000,0.9233716475095785,0.91615925058548,0.9137684611719864,0.920665083135392,0.9149532710280374,,0.9145496535796764,0.9301227573182248,-0.007212396924098474,-0.007212396924098474,-0.00841837648154109,-0.00841837648154109,,,-0.008821993929902017,0.0067511098086463495,False,False,False,False,False,False,False,0.8860294117647058,0.964,0.8616740088105727,0.978
expanded::SODB_ALLEN2022MOLECULAR_AGING_EXPANDED::microglial cell,expanded,SODB_ALLEN2022MOLECULAR_AGING_EXPANDED,microglial cell,1000,501-1000,0.9661598822952427,0.9684418145956608,0.9680903289150712,0.9641629847815416,0.9689195855944746,,0.9564801530368244,0.9641819941916748,0.002281932300418066,0.0003514856805896249,0.0027597032992318082,0.0004777709988137424,,,-0.009679729258418313,-0.0019778881035679152,False,False,False,False,False,False,False,0.9480269489894128,0.985,0.9552529182879378,0.982
expanded::SODB_ALLEN2022MOLECULAR_AGING_EXPANDED::neuron,expanded,SODB_ALLEN2022MOLECULAR_AGING_EXPANDED,neuron,1000,501-1000,0.91328320802005,0.9152882205513784,0.9136546184738956,0.9155422288855573,0.9175879396984924,,0.9109947643979056,0.9274193548387096,0.002005012531328343,-0.000254008334178879,0.004304731678442364,0.002045710812935142,,,-0.0022884436221444204,0.0141361468186596,False,False,False,False,False,False,False,0.9155778894472362,0.911,0.9175879396984924,0.913
expanded::SODB_ALLEN2022MOLECULAR_AGING_EXPANDED::oligodendrocyte,expanded,SODB_ALLEN2022MOLECULAR_AGING_EXPANDED,oligodendrocyte,1000,501-1000,0.9544801149976042,0.9466666666666668,0.9516051748921898,0.9479216435738176,0.9467174119885824,,0.971258671952428,0.9711209006363192,-0.007813448330937445,-0.007813448330937445,-0.007762703009021821,-0.007762703009021821,,,0.016778556954823776,0.01664078563871496,False,False,False,False,False,False,False,0.9162833486660532,0.996,0.9036363636363636,0.994
expanded::SODB_ALLEN2022MOLECULAR_AGING_EXPANDED::oligodendrocyte precursor cell,expanded,SODB_ALLEN2022MOLECULAR_AGING_EXPANDED,oligodendrocyte precursor cell,522,501-1000,0.9528214616096208,0.9487418452935694,0.94902687673772,0.9489322191272054,0.9506976744186048,,0.9292748433303492,0.9522058823529412,-0.00407961631605136,-0.00407961631605136,-0.0021237871910160244,-0.0021237871910160244,,,-0.023546618279271625,-0.0006155792566795437,False,False,False,False,False,False,False,0.9212880143112702,0.9865900383141762,0.9237749546279492,0.975095785440613
expanded::SODB_ALLEN2022MOLECULAR_AGING_EXPANDED::pericyte,expanded,SODB_ALLEN2022MOLECULAR_AGING_EXPANDED,pericyte,572,501-1000,0.9174977334542156,0.9008341056533828,0.9041591320072332,0.901818181818182,0.8964879852125693,,0.929551692589204,0.9278538812785389,-0.016663627800832748,-0.016663627800832748,-0.021009748241646253,-0.021009748241646253,,,0.012053959134988412,0.010356147824323259,False,False,False,False,True,False,True,0.9529190207156308,0.8846153846153846,0.9585798816568049,0.8496503496503497
expanded::SODB_ALLEN2022MOLECULAR_AGING_EXPANDED::vascular leptomeningeal cell,expanded,SODB_ALLEN2022MOLECULAR_AGING_EXPANDED,vascular leptomeningeal cell,254,101-500,0.7896995708154507,0.7755102040816325,0.7602591792656587,0.7468354430379747,0.7701612903225806,,0.8096192384769538,0.8148148148148148,-0.01418936673381821,-0.01418936673381821,-0.019538280492870097,-0.019538280492870097,,,0.019919667661503104,0.025115243999364045,False,False,False,False,True,False,True,0.8679245283018868,0.7244094488188977,0.8050847457627118,0.7480314960629921
expanded::SODB_ALLEN2022MOLECULAR_LPS_EXPANDED::astrocyte,expanded,SODB_ALLEN2022MOLECULAR_LPS_EXPANDED,astrocyte,1000,501-1000,0.9671794871794872,0.963383187209902,0.9630010277492292,0.964065708418891,0.9623905203503348,,0.9687660010240656,0.9687660010240656,-0.003796299969585193,-0.003796299969585193,-0.004788966829152419,-0.004788966829152419,,,0.0015865138445784188,0.0015865138445784188,False,False,False,False,False,False,False,0.9926315789473684,0.943,0.9946751863684772,0.934
expanded::SODB_ALLEN2022MOLECULAR_LPS_EXPANDED::cell,expanded,SODB_ALLEN2022MOLECULAR_LPS_EXPANDED,cell,115,101-500,0.8252788104089218,0.7766323024054983,0.7985611510791367,0.8235294117647058,0.7739726027397261,,0.7713310580204777,0.7956989247311828,-0.048646508003423516,-0.048646508003423516,-0.05130620766919569,-0.05130620766919569,,,-0.05394775238844407,-0.02957988567773906,False,False,False,False,True,False,True,0.7207792207792207,0.9652173913043478,0.6420454545454546,0.982608695652174
expanded::SODB_ALLEN2022MOLECULAR_LPS_EXPANDED::endothelial cell,expanded,SODB_ALLEN2022MOLECULAR_LPS_EXPANDED,endothelial cell,1000,501-1000,0.965588084232152,0.9502878074306644,0.9619341563786008,0.9622739018087856,0.9527272727272728,,0.9643410852713178,0.968605249613999,-0.0153002768014876,-0.0153002768014876,-0.012860811504879277,-0.012860811504879277,,,-0.0012469989608342447,0.0030171653818469313,False,False,False,False,True,False,True,0.9926082365364308,0.94,0.9967069154774972,0.908
expanded::SODB_ALLEN2022MOLECULAR_LPS_EXPANDED::inhibitory interneuron,expanded,SODB_ALLEN2022MOLECULAR_LPS_EXPANDED,inhibitory interneuron,1000,501-1000,0.9022392135445112,0.8954895489548954,0.8962108731466226,0.8997260273972602,0.8736664795058956,,0.8558404558404558,0.877310924369748,-0.006749664589615789,-0.006749664589615789,-0.0285727340386156,-0.0285727340386156,,,-0.04639875770405544,-0.024928289174763196,False,False,False,False,False,False,True,0.9939831528279182,0.826,0.9951100244498776,0.814
expanded::SODB_ALLEN2022MOLECULAR_LPS_EXPANDED::macrophage,expanded,SODB_ALLEN2022MOLECULAR_LPS_EXPANDED,macrophage,63,26-100,0.3898305084745762,0.4370860927152318,0.360655737704918,0.368,0.3846153846153846,,0.0294117647058823,0.247191011235955,0.047255584240655624,0.047255584240655624,-0.005215123859191595,-0.05247070809984722,,,-0.36041874376869387,-0.14263949723862118,True,False,False,True,False,False,False,0.4181818181818181,0.365079365079365,0.375,0.5238095238095238
expanded::SODB_ALLEN2022MOLECULAR_LPS_EXPANDED::medium spiny neuron,expanded,SODB_ALLEN2022MOLECULAR_LPS_EXPANDED,medium spiny neuron,1000,501-1000,0.933644859813084,0.9298000929800092,0.9271461716937356,0.9324009324009324,0.9139981701738332,,0.888494002665482,0.9090909090909092,-0.0038447668330747753,-0.0038447668330747753,-0.01964668963925076,-0.01964668963925076,,,-0.04515085714760203,-0.02455395072217481,False,False,False,False,False,False,True,0.8763157894736842,0.999,0.8688097306689835,1.0
expanded::SODB_ALLEN2022MOLECULAR_LPS_EXPANDED::microglial cell,expanded,SODB_ALLEN2022MOLECULAR_LPS_EXPANDED,microglial cell,1000,501-1000,0.9581931763575204,0.9712335446123842,0.9623552123552124,0.9609638554216868,0.9660852713178294,,0.9554810914313068,0.955896452540748,0.013040368254863766,0.008878332257171828,0.00789209496030896,-0.005148273294554806,,,-0.002712084926213665,-0.0022967238167724835,False,False,False,True,False,False,False,0.9222941720629048,0.997,0.9476688867745005,0.996
expanded::SODB_ALLEN2022MOLECULAR_LPS_EXPANDED::neuron,expanded,SODB_ALLEN2022MOLECULAR_LPS_EXPANDED,neuron,1000,501-1000,0.987090367428004,0.9860973187686196,0.9865738438587768,0.9880715705765406,0.987090367428004,,0.9880834160873884,0.988095238095238,-0.0009930486593844323,-0.0019742518079209903,0.0,-0.000981203148536558,,,0.0009930486593843213,0.0010048706672339813,False,False,False,False,False,False,False,0.980276134122288,0.994,0.9792899408284024,0.993
expanded::SODB_ALLEN2022MOLECULAR_LPS_EXPANDED::oligodendrocyte,expanded,SODB_ALLEN2022MOLECULAR_LPS_EXPANDED,oligodendrocyte,1000,501-1000,0.983218163869694,0.9793713163064832,0.98128078817734,0.9808165272995574,0.9822660098522168,,0.9905613512170888,0.9876176324913324,-0.0038468475632107424,-0.0038468475632107424,-0.0009521540174771692,-0.0009521540174771692,,,0.007343187347394808,0.004399468621638425,False,False,False,False,False,False,False,0.9707602339181286,0.996,0.9623552123552124,0.997
expanded::SODB_ALLEN2022MOLECULAR_LPS_EXPANDED::oligodendrocyte precursor cell,expanded,SODB_ALLEN2022MOLECULAR_LPS_EXPANDED,oligodendrocyte precursor cell,625,501-1000,0.962278675904542,0.9652509652509652,0.963762528912876,0.962278675904542,0.9659969088098918,,0.98256735340729,0.9780907668231612,0.0029722893464232403,0.0014884363380892607,0.003718232905349783,0.0007459435589265428,,,0.020288677502747987,0.015812090918619237,False,False,False,False,False,False,False,0.9272997032640948,1.0,0.9328358208955224,1.0
expanded::SODB_ALLEN2022MOLECULAR_LPS_EXPANDED::pericyte,expanded,SODB_ALLEN2022MOLECULAR_LPS_EXPANDED,pericyte,799,501-1000,0.9509241555130656,0.946360153256705,0.948374760994264,0.950507614213198,0.9382239382239382,,0.9603960396039604,0.9648682559598496,-0.004564002256360666,-0.004564002256360666,-0.012700217289127402,-0.012700217289127402,,,0.009471884090894722,0.013944100446783958,False,False,False,False,False,False,True,0.9688311688311688,0.9336670838548186,0.9661016949152542,0.9274092615769712
expanded::SODB_ALLEN2022MOLECULAR_LPS_EXPANDED::vascular leptomeningeal cell,expanded,SODB_ALLEN2022MOLECULAR_LPS_EXPANDED,vascular leptomeningeal cell,238,101-500,0.8761467889908257,0.835886214442013,0.8597701149425286,0.8643678160919539,0.8400852878464817,,0.8863109048723897,0.904109589041096,-0.0402605745488126,-0.0402605745488126,-0.03606150114434392,-0.03606150114434392,,,0.010164115881564073,0.027962800050270298,False,False,False,False,True,False,True,0.9646464646464646,0.8025210084033614,0.8721461187214612,0.8025210084033614
expanded::SODB_BOOESHAGHI2021ISOFORM_EXPANDED::Astrocytes,expanded,SODB_BOOESHAGHI2021ISOFORM_EXPANDED,Astrocytes,354,101-500,0.9593023255813954,0.95,0.9593023255813954,0.9516837481698388,0.9423929098966028,,0.9149560117302052,0.944927536231884,-0.009302325581395432,-0.009302325581395432,-0.01690941568479254,-0.01690941568479254,,,-0.044346313851190144,-0.014374789349511419,False,False,False,False,False,False,True,0.9880239520958084,0.9322033898305084,0.99079754601227,0.9124293785310734
expanded::SODB_BOOESHAGHI2021ISOFORM_EXPANDED::Endothelial,expanded,SODB_BOOESHAGHI2021ISOFORM_EXPANDED,Endothelial,300,101-500,0.8926746166950597,0.881118881118881,0.8728522336769758,0.9016949152542374,0.8776223776223776,,0.3612565445026178,0.8375451263537906,-0.011555735576178616,-0.020576034135356358,-0.01505223907268205,-0.02407253763185979,,,-0.5314180721924419,-0.055129490341269016,False,False,False,False,True,False,True,0.9128919860627178,0.8733333333333333,0.9264705882352942,0.84
expanded::SODB_BOOESHAGHI2021ISOFORM_EXPANDED::L23_IT,expanded,SODB_BOOESHAGHI2021ISOFORM_EXPANDED,L23_IT,994,501-1000,0.9387972325705164,0.9444738233738764,0.9377328366152208,0.948920484465508,0.9394904458598726,,0.7300574345883856,0.915032679738562,0.0056765908033600265,-0.00444666109163161,0.0006932132893562315,-0.009430038605635405,,,-0.20873979798213083,-0.023764552831954444,False,False,False,False,False,False,False,0.9966101694915256,0.8873239436619719,0.9955406911928651,0.8983903420523138
expanded::SODB_BOOESHAGHI2021ISOFORM_EXPANDED::L45_IT,expanded,SODB_BOOESHAGHI2021ISOFORM_EXPANDED,L45_IT,574,501-1000,0.8663594470046082,0.8652612282309807,0.8592592592592593,0.8744271310724107,0.8636779505946935,,0.6994535519125683,0.842304060434372,-0.0010982187736274795,-0.00916590284142993,-0.002681496409914663,-0.010749180477717113,,,-0.1669058950920399,-0.024055386570236204,False,False,False,False,False,False,False,0.9197651663405088,0.818815331010453,0.9129593810444874,0.8222996515679443
expanded::SODB_BOOESHAGHI2021ISOFORM_EXPANDED::L56_NP,expanded,SODB_BOOESHAGHI2021ISOFORM_EXPANDED,L56_NP,28,26-100,0.9333333333333332,0.9491525423728812,0.9180327868852458,0.9824561403508772,0.9180327868852458,,0.2841530054644809,0.7397260273972602,0.01581920903954792,-0.03330359797799609,-0.015300546448087426,-0.06442335346563144,,,-0.6491803278688524,-0.193607305936073,False,False,False,True,False,False,True,0.875,1.0,0.9032258064516128,1.0
expanded::SODB_BOOESHAGHI2021ISOFORM_EXPANDED::L5_IT,expanded,SODB_BOOESHAGHI2021ISOFORM_EXPANDED,L5_IT,210,101-500,0.6851063829787235,0.6666666666666666,0.6793248945147681,0.7012987012987013,0.6681127982646421,,0.6610526315789473,0.6997929606625259,-0.018439716312056875,-0.03463203463203468,-0.01699358471408141,-0.033185903034059216,,,-0.02405375139977617,0.014686577683802438,False,False,False,False,True,False,True,0.6192307692307693,0.7666666666666667,0.6144578313253012,0.7285714285714285
expanded::SODB_BOOESHAGHI2021ISOFORM_EXPANDED::L5_PT,expanded,SODB_BOOESHAGHI2021ISOFORM_EXPANDED,L5_PT,66,26-100,0.9361702127659576,0.9166666666666666,0.9565217391304348,0.9295774647887324,0.9166666666666666,,0.6589595375722543,0.9285714285714284,-0.019503546099290947,-0.03985507246376818,-0.019503546099290947,-0.03985507246376818,,,-0.27721067519370324,-0.007598784194529196,False,False,False,False,True,False,True,0.88,1.0,0.8461538461538461,1.0
expanded::SODB_BOOESHAGHI2021ISOFORM_EXPANDED::L6_IT,expanded,SODB_BOOESHAGHI2021ISOFORM_EXPANDED,L6_IT,37,26-100,0.4021739130434782,0.4180790960451978,0.3936170212765957,0.4352941176470588,0.4043715846994536,,0.4035087719298246,0.4615384615384615,0.01590518300171956,-0.017215021601861002,0.0021976716559753973,-0.030922532947605164,,,0.0013348588863463795,0.059364548494983294,False,False,False,True,False,False,False,0.2517006802721088,1.0,0.2642857142857143,1.0
expanded::SODB_BOOESHAGHI2021ISOFORM_EXPANDED::Lamp5,expanded,SODB_BOOESHAGHI2021ISOFORM_EXPANDED,Lamp5,67,26-100,0.9032258064516128,0.888888888888889,0.8870967741935484,0.896,0.8709677419354839,,0.7159090909090909,0.9051094890510948,-0.014336917562723817,-0.014336917562723817,-0.03225806451612889,-0.03225806451612889,,,-0.18731671554252183,0.0018836825994820172,False,False,False,False,True,False,True,0.9824561403508772,0.835820895522388,0.9491525423728814,0.835820895522388
expanded::SODB_BOOESHAGHI2021ISOFORM_EXPANDED::Microglia,expanded,SODB_BOOESHAGHI2021ISOFORM_EXPANDED,Microglia,125,101-500,0.9142857142857144,0.9008264462809916,0.901639344262295,0.8987854251012145,0.905349794238683,,0.6666666666666667,0.873015873015873,-0.013459268004722746,-0.013459268004722746,-0.008935920047031365,-0.008935920047031365,,,-0.24761904761904763,-0.041269841269841345,False,False,False,False,True,False,False,0.9333333333333332,0.896,0.9316239316239316,0.872
expanded::SODB_BOOESHAGHI2021ISOFORM_EXPANDED::OPC,expanded,SODB_BOOESHAGHI2021ISOFORM_EXPANDED,OPC,111,101-500,0.9777777777777776,0.972972972972973,0.9823008849557522,0.9821428571428572,0.9683257918552036,,0.83,0.9454545454545454,-0.004804804804804608,-0.009327911982779158,-0.009451985922574013,-0.013975093100548563,,,-0.14777777777777767,-0.0323232323232322,False,False,False,False,False,False,False,0.9649122807017544,0.990990990990991,0.972972972972973,0.972972972972973
expanded::SODB_BOOESHAGHI2021ISOFORM_EXPANDED::Oligodendrocytes,expanded,SODB_BOOESHAGHI2021ISOFORM_EXPANDED,Oligodendrocytes,50,26-100,0.9690721649484536,0.9696969696969696,0.94,0.979591836734694,0.9696969696969696,,0.8846153846153846,0.9215686274509804,0.0006248047485160058,-0.009894867037724353,0.0006248047485160058,-0.009894867037724353,,,-0.08445678033306903,-0.04750353749747316,False,False,False,False,False,False,False,1.0,0.94,0.979591836734694,0.96
expanded::SODB_BOOESHAGHI2021ISOFORM_EXPANDED::PVM,expanded,SODB_BOOESHAGHI2021ISOFORM_EXPANDED,PVM,78,26-100,0.6329113924050633,0.6117647058823529,0.619047619047619,0.6754966887417219,0.619047619047619,,0.4105960264900662,0.6257668711656442,-0.021146686522710456,-0.06373198285936899,-0.013863773357444376,-0.056449069694102905,,,-0.22231536591499712,-0.0071445212394191104,False,False,False,False,True,False,True,0.625,0.6410256410256411,0.5652173913043478,0.6666666666666666
expanded::SODB_BOOESHAGHI2021ISOFORM_EXPANDED::Pericytes,expanded,SODB_BOOESHAGHI2021ISOFORM_EXPANDED,Pericytes,105,101-500,0.8938053097345132,0.882882882882883,0.888888888888889,0.8717948717948717,0.8778280542986425,,0.6187845303867403,0.8755760368663595,-0.010922426851630251,-0.010922426851630251,-0.015977255435870696,-0.015977255435870696,,,-0.2750207793477729,-0.01822927286815368,False,False,False,False,True,False,True,0.8347107438016529,0.961904761904762,0.8376068376068376,0.9333333333333332
expanded::SODB_BOOESHAGHI2021ISOFORM_EXPANDED::Pvalb,expanded,SODB_BOOESHAGHI2021ISOFORM_EXPANDED,Pvalb,70,26-100,0.8165680473372782,0.8,0.8263473053892215,0.8313253012048192,0.8,,0.5919282511210763,0.8625,-0.016568047337278125,-0.031325301204819134,-0.016568047337278125,-0.031325301204819134,,,-0.2246397962162019,0.045931952662721875,False,False,False,False,True,False,True,0.696969696969697,0.9857142857142858,0.68,0.9714285714285714
expanded::SODB_BOOESHAGHI2021ISOFORM_EXPANDED::SMC,expanded,SODB_BOOESHAGHI2021ISOFORM_EXPANDED,SMC,80,26-100,0.7810650887573964,0.8192771084337349,0.7636363636363637,0.7852760736196319,0.7954545454545454,,0.3579418344519015,0.6875,0.03821201967633847,0.03400103481410299,0.014389456697148972,-0.0238225629791895,,,-0.42312325430549497,-0.09356508875739644,True,False,False,True,False,True,False,0.7415730337078652,0.825,0.7906976744186046,0.85
expanded::SODB_BOOESHAGHI2021ISOFORM_EXPANDED::Sst,expanded,SODB_BOOESHAGHI2021ISOFORM_EXPANDED,Sst,58,26-100,0.7676767676767676,0.7755102040816326,0.7755102040816326,0.8118811881188119,0.7628865979381444,,0.4888888888888888,0.8500000000000001,0.007833436404865002,-0.03637098403717931,-0.004790169738623229,-0.04899459018066754,,,-0.2787878787878788,0.08232323232323246,False,False,False,False,False,False,False,0.926829268292683,0.6551724137931034,0.95,0.6551724137931034
expanded::SODB_BOOESHAGHI2021ISOFORM_EXPANDED::VLMC,expanded,SODB_BOOESHAGHI2021ISOFORM_EXPANDED,VLMC,143,101-500,0.878892733564014,0.8802588996763754,0.8881118881118881,0.8979591836734694,0.8704318936877076,,0.7970479704797048,0.879725085910653,0.0013661661123614,-0.017700283997094002,-0.008460839876306414,-0.027527289985761816,,,-0.08184476308430921,0.0008323523466390315,False,False,False,False,False,False,False,0.8698630136986302,0.8881118881118881,0.8192771084337349,0.951048951048951
expanded::SODB_BOOESHAGHI2021ISOFORM_EXPANDED::Vip,expanded,SODB_BOOESHAGHI2021ISOFORM_EXPANDED,Vip,52,26-100,0.9174311926605504,0.9158878504672896,0.918918918918919,0.9158878504672896,0.8990825688073394,,0.4201680672268907,0.7874015748031495,-0.0015433421932607994,-0.0030310684516293707,-0.01834862385321101,-0.01983635011157958,,,-0.4972631254336597,-0.13002961785740086,False,False,False,False,False,False,True,0.8771929824561403,0.9615384615384616,0.8909090909090909,0.9423076923076924
expanded::SODB_CHEN2021DISSECTING_EXPANDED::Differentiating SPG,expanded,SODB_CHEN2021DISSECTING_EXPANDED,Differentiating SPG,1000,501-1000,0.2645687645687646,0.2663467306538692,0.2608695652173913,0.27262044653349,0.2637749120750293,,0.2089930335655478,0.2414823670053796,0.0017779660851046097,-0.006273715879620778,-0.0007938524937353142,-0.008845534458460702,,,-0.055575731003216805,-0.023086397563385014,False,False,False,False,False,False,False,0.3170391061452514,0.227,0.3328335832083958,0.222
expanded::SODB_CHEN2021DISSECTING_EXPANDED::ES,expanded,SODB_CHEN2021DISSECTING_EXPANDED,ES,1000,501-1000,0.5569721115537848,0.55,0.5457413249211357,0.5475728155339805,0.5599041533546325,,0.5034825870646767,0.5588806840264283,-0.006972111553784743,-0.006972111553784743,0.002932041800847718,0.002932041800847718,,,-0.05348952448910804,0.0019085724726435327,False,False,False,False,False,False,False,0.4629139072847682,0.699,0.4512820512820513,0.704
expanded::SODB_CHEN2021DISSECTING_EXPANDED::Endothelial,expanded,SODB_CHEN2021DISSECTING_EXPANDED,Endothelial,972,501-1000,0.1587467362924282,0.1584263689526847,0.1518716577540106,0.1443187937533656,0.1538461538461538,,0.0690763052208835,0.1701908200103146,-0.0003203673397434992,-0.0003203673397434992,-0.004900582446274393,-0.004900582446274393,,,-0.0896704310715447,0.01144408371788641,False,False,False,False,False,False,False,0.16118769883351,0.1563786008230452,0.1639163916391639,0.1532921810699588
expanded::SODB_CHEN2021DISSECTING_EXPANDED::Leydig,expanded,SODB_CHEN2021DISSECTING_EXPANDED,Leydig,739,501-1000,0.4124327555289898,0.4255065554231227,0.4170161773517076,0.42604226156482,0.4274809160305343,,0.5098039215686274,0.4220739842328684,0.013073799894132931,-0.0005357061416972897,0.015048160501544505,0.0014386544657142841,,,0.09737116603963764,0.009641228703878624,False,False,False,True,False,True,False,0.3693790149892934,0.4668470906630582,0.3801916932907348,0.4830852503382949
expanded::SODB_CHEN2021DISSECTING_EXPANDED::Macrophage,expanded,SODB_CHEN2021DISSECTING_EXPANDED,Macrophage,1000,501-1000,0.1164144353899883,0.1057579318448883,0.1204400694846554,0.1116389548693586,0.1052002390914524,,0.1729230769230769,0.1084824004616272,-0.010656503545100005,-0.014682137639767098,-0.0112141962985359,-0.015239830393202994,,,0.0565086415330886,-0.0079320349283611,False,False,False,False,True,False,True,0.1392757660167131,0.1,0.1282051282051282,0.09
expanded::SODB_CHEN2021DISSECTING_EXPANDED::Myoid,expanded,SODB_CHEN2021DISSECTING_EXPANDED,Myoid,1000,501-1000,0.1405835543766578,0.1453104359313078,0.1295439524124256,0.1365142478462558,0.1342801807617818,,0.0293847566574839,0.1397712833545108,0.004726881554650009,0.004726881554650009,-0.0063033736148759845,-0.011030255169525993,,,-0.11119879771917389,-0.000812271022146982,False,False,False,False,False,False,False,0.2086614173228346,0.106,0.2140077821011673,0.11
expanded::SODB_CHEN2021DISSECTING_EXPANDED::RS,expanded,SODB_CHEN2021DISSECTING_EXPANDED,RS,1000,501-1000,0.5114606741573033,0.5165271044513002,0.5055530875166593,0.5116906474820144,0.5193226226660876,,0.3782383419689119,0.5299401197604791,0.005066430293996893,0.004836456969285807,0.0078619485087843,0.002795518214787407,,,-0.13322233218839147,0.018479445603175715,False,False,False,False,False,False,False,0.4644897959183673,0.569,0.4617809298660362,0.586
expanded::SODB_CHEN2021DISSECTING_EXPANDED::SPC,expanded,SODB_CHEN2021DISSECTING_EXPANDED,SPC,1000,501-1000,0.4509119130772215,0.4528593508500773,0.4442718446601941,0.4460937499999999,0.4550019312475859,,0.4051779935275081,0.4481481481481481,0.0019474377728557757,0.0019474377728557757,0.004090018170364418,0.002142580397508642,,,-0.0457339195497134,-0.002763764929073431,False,False,False,False,False,False,False,0.3684210526315789,0.581,0.3690176322418136,0.586
expanded::SODB_CHEN2021DISSECTING_EXPANDED::Sertoli,expanded,SODB_CHEN2021DISSECTING_EXPANDED,Sertoli,1000,501-1000,0.1784810126582278,0.1740243122200895,0.1811272957568081,0.1833333333333333,0.1768883150419625,,0.0727580372250423,0.1585288522511097,-0.004456700438138311,-0.009309021113243804,-0.0015926976162652928,-0.006445018291370785,,,-0.1057229754331855,-0.019952160407118114,False,False,False,False,False,False,False,0.243103448275862,0.141,0.2415630550621669,0.136
expanded::SODB_CHEN2022SPATIOTEMPORAL_EXPANDED::AGM,expanded,SODB_CHEN2022SPATIOTEMPORAL_EXPANDED,AGM,586,501-1000,0.026431718061674,0.0284857571214392,0.0263157894736842,0.0193164933135215,0.0293040293040293,,0.0318543799772468,0.0238532110091743,0.0020540390597652003,0.0020540390597652003,0.0028723112423553014,0.0008182721825901011,,,0.0054226619155728,-0.0025785070524996997,False,False,False,False,False,False,False,0.0231958762886597,0.030716723549488,0.0254010695187165,0.0324232081911262
expanded::SODB_CHEN2022SPATIOTEMPORAL_EXPANDED::Brain,expanded,SODB_CHEN2022SPATIOTEMPORAL_EXPANDED,Brain,1000,501-1000,0.1773485513608428,0.2464730290456431,0.173076923076923,0.2093411175979983,0.2417860151642797,,0.1876988335100742,0.2640377196742391,0.06912447768480032,0.0371319114476448,0.0644374638034369,-0.004687013881363417,,,0.010350282149231393,0.08668916831339632,True,False,False,True,False,True,False,0.1580594679186228,0.202,0.2106382978723404,0.297
expanded::SODB_CHEN2022SPATIOTEMPORAL_EXPANDED::Cavity,expanded,SODB_CHEN2022SPATIOTEMPORAL_EXPANDED,Cavity,1000,501-1000,0.1078050884001724,0.1016349977905435,0.1030749242096145,0.1357921207041073,0.0923076923076923,,0.1513816579895875,0.1198792583009918,-0.006170090609628906,-0.03415712291356379,-0.015497396092480104,-0.04348442839641499,,,0.043576569589415096,0.012074169900819401,False,False,False,False,False,False,True,0.0947687642153146,0.125,0.0910530482977038,0.115
expanded::SODB_CHEN2022SPATIOTEMPORAL_EXPANDED::Connective tissue,expanded,SODB_CHEN2022SPATIOTEMPORAL_EXPANDED,Connective tissue,103,101-500,0.0,0.0,0.0,0.0,0.0,,0.0,0.0,0.0,0.0,0.0,0.0,,,0.0,0.0,False,False,False,False,False,False,False,0.0,0.0,0.0,0.0
expanded::SODB_CHEN2022SPATIOTEMPORAL_EXPANDED::Endo,expanded,SODB_CHEN2022SPATIOTEMPORAL_EXPANDED,Endo,1000,501-1000,0.0,0.0,0.0,0.0,0.0,,0.0,0.0,0.0,0.0,0.0,0.0,,,0.0,0.0,False,False,False,False,False,False,False,0.0,0.0,0.0,0.0
expanded::SODB_CHEN2022SPATIOTEMPORAL_EXPANDED::Ery,expanded,SODB_CHEN2022SPATIOTEMPORAL_EXPANDED,Ery,798,501-1000,0.0,0.0,0.0,0.0,0.0,,0.0,0.0,0.0,0.0,0.0,0.0,,,0.0,0.0,False,False,False,False,False,False,False,0.0,0.0,0.0,0.0
expanded::SODB_CHEN2022SPATIOTEMPORAL_EXPANDED::Fibro,expanded,SODB_CHEN2022SPATIOTEMPORAL_EXPANDED,Fibro,1000,501-1000,0.0,0.0,0.0,0.0,0.0,,0.0,0.0,0.0,0.0,0.0,0.0,,,0.0,0.0,False,False,False,False,False,False,False,0.0,0.0,0.0,0.0
expanded::SODB_CHEN2022SPATIOTEMPORAL_EXPANDED::GABA Neu,expanded,SODB_CHEN2022SPATIOTEMPORAL_EXPANDED,GABA Neu,1000,501-1000,0.0,0.0,0.0,0.0,0.0,,0.0,0.0,0.0,0.0,0.0,0.0,,,0.0,0.0,False,False,False,False,False,False,False,0.0,0.0,0.0,0.0
expanded::SODB_CHEN2022SPATIOTEMPORAL_EXPANDED::GABA NeuB,expanded,SODB_CHEN2022SPATIOTEMPORAL_EXPANDED,GABA NeuB,409,101-500,0.0,0.0,0.0,0.0,0.0,,0.0,0.0,0.0,0.0,0.0,0.0,,,0.0,0.0,False,False,False,False,False,False,False,0.0,0.0,0.0,0.0
expanded::SODB_CHEN2022SPATIOTEMPORAL_EXPANDED::GlioB,expanded,SODB_CHEN2022SPATIOTEMPORAL_EXPANDED,GlioB,1000,501-1000,0.0,0.0,0.0,0.0,0.0,,0.0,0.0,0.0,0.0,0.0,0.0,,,0.0,0.0,False,False,False,False,False,False,False,0.0,0.0,0.0,0.0
expanded::SODB_CHEN2022SPATIOTEMPORAL_EXPANDED::Glu Neu,expanded,SODB_CHEN2022SPATIOTEMPORAL_EXPANDED,Glu Neu,1000,501-1000,0.0,0.0,0.0,0.0,0.0,,0.0,0.0,0.0,0.0,0.0,0.0,,,0.0,0.0,False,False,False,False,False,False,False,0.0,0.0,0.0,0.0
expanded::SODB_CHEN2022SPATIOTEMPORAL_EXPANDED::Glu NeuB,expanded,SODB_CHEN2022SPATIOTEMPORAL_EXPANDED,Glu NeuB,1000,501-1000,0.0,0.0,0.0,0.0,0.0,,0.0,0.0,0.0,0.0,0.0,0.0,,,0.0,0.0,False,False,False,False,False,False,False,0.0,0.0,0.0,0.0
expanded::SODB_CHEN2022SPATIOTEMPORAL_EXPANDED::Head mesenchyme,expanded,SODB_CHEN2022SPATIOTEMPORAL_EXPANDED,Head mesenchyme,314,101-500,0.0069686411149825,0.0124223602484472,0.0125899280575539,0.0155945419103313,0.0155709342560553,,0.1388518024032042,0.0275624461670973,0.0054537191334647,-0.0031721816618840992,0.0086022931410728,-2.360765427599984e-05,,,0.1318831612882217,0.0205938050521148,False,False,False,False,False,False,False,0.0047961630695443,0.0127388535031847,0.008610086100861,0.0222929936305732
expanded::SODB_CHEN2022SPATIOTEMPORAL_EXPANDED::Heart,expanded,SODB_CHEN2022SPATIOTEMPORAL_EXPANDED,Heart,1000,501-1000,0.6323792486583184,0.623885918003565,0.6211849192100538,0.6552036199095023,0.6134043497558811,,0.2723404255319149,0.5815538391640164,-0.00849333065475344,-0.0313177019059373,-0.01897489890243731,-0.04179927015362117,,,-0.3600388231264035,-0.05082540949430203,False,False,False,False,False,False,True,0.5720064724919094,0.707,0.5627009646302251,0.7
expanded::SODB_CHEN2022SPATIOTEMPORAL_EXPANDED::Liver,expanded,SODB_CHEN2022SPATIOTEMPORAL_EXPANDED,Liver,246,101-500,0.1062355658198614,0.1133786848072562,0.1062355658198614,0.1063291139240506,0.105603448275862,,0.0629139072847682,0.0842105263157894,0.007143118987394795,0.007049570883205597,-0.0006321175439994026,-0.007775236531394197,,,-0.043321658535093205,-0.022025039504072003,False,False,False,False,False,False,False,0.0741935483870967,0.1869918699186991,0.0786163522012578,0.2032520325203252
expanded::SODB_CHEN2022SPATIOTEMPORAL_EXPANDED::Lung primordium,expanded,SODB_CHEN2022SPATIOTEMPORAL_EXPANDED,Lung primordium,942,501-1000,0.0608108108108108,0.0671892497200448,0.0509915014164306,0.073170731707317,0.0681686886192952,,0.008714596949891,0.0744240992321323,0.006378438909233994,-0.005981481987272205,0.007357877808484403,-0.005002043088021796,,,-0.052096213860919796,0.013613288421321507,False,False,False,False,False,False,False,0.0647482014388489,0.0573248407643312,0.0710900473933649,0.0636942675159235
expanded::SODB_CHEN2022SPATIOTEMPORAL_EXPANDED::Mesenchyme,expanded,SODB_CHEN2022SPATIOTEMPORAL_EXPANDED,Mesenchyme,832,501-1000,0.1264016309887869,0.1255838090295796,0.1270971021860701,0.1480709071949947,0.1146953405017921,,0.0049079754601227,0.1055634807417974,-0.0008178219592072933,-0.02248709816541508,-0.0117062904869948,-0.03337556669320259,,,-0.1214936555286642,-0.020838150246989498,False,False,False,False,False,False,True,0.1097345132743362,0.1490384615384615,0.1105022831050228,0.1454326923076923
expanded::SODB_CHEN2022SPATIOTEMPORAL_EXPANDED::Micro,expanded,SODB_CHEN2022SPATIOTEMPORAL_EXPANDED,Micro,217,101-500,0.0,0.0,0.0,0.0,0.0,,0.0,0.0,0.0,0.0,0.0,0.0,,,0.0,0.0,False,False,False,False,False,False,False,0.0,0.0,0.0,0.0
expanded::SODB_CHEN2022SPATIOTEMPORAL_EXPANDED::NeuB,expanded,SODB_CHEN2022SPATIOTEMPORAL_EXPANDED,NeuB,1000,501-1000,0.0,0.0,0.0,0.0,0.0,,0.0,0.0,0.0,0.0,0.0,0.0,,,0.0,0.0,False,False,False,False,False,False,False,0.0,0.0,0.0,0.0
expanded::SODB_CHEN2022SPATIOTEMPORAL_EXPANDED::Notochord,expanded,SODB_CHEN2022SPATIOTEMPORAL_EXPANDED,Notochord,47,26-100,0.0,0.0,0.0,0.0,0.0,,0.0,0.0,0.0,0.0,0.0,0.0,,,0.0,0.0,False,False,False,False,False,False,False,0.0,0.0,0.0,0.0
expanded::SODB_CHEN2022SPATIOTEMPORAL_EXPANDED::Pancreas primordium,expanded,SODB_CHEN2022SPATIOTEMPORAL_EXPANDED,Pancreas primordium,114,101-500,0.0,0.0,0.0,0.0,0.0,,0.0,0.0,0.0,0.0,0.0,0.0,,,0.0,0.0,False,False,False,False,False,False,False,0.0,0.0,0.0,0.0
expanded::SODB_CHEN2022SPATIOTEMPORAL_EXPANDED::Primitive gut tube,expanded,SODB_CHEN2022SPATIOTEMPORAL_EXPANDED,Primitive gut tube,84,26-100,0.0,0.0,0.0,0.0,0.0,,0.0,0.0,0.0,0.0,0.0,0.0,,,0.0,0.0,False,False,False,False,False,False,False,0.0,0.0,0.0,0.0
expanded::SODB_CHEN2022SPATIOTEMPORAL_EXPANDED::RGC,expanded,SODB_CHEN2022SPATIOTEMPORAL_EXPANDED,RGC,1000,501-1000,0.0,0.0,0.0,0.0,0.0,,0.0,0.0,0.0,0.0,0.0,0.0,,,0.0,0.0,False,False,False,False,False,False,False,0.0,0.0,0.0,0.0
expanded::SODB_CHEN2022SPATIOTEMPORAL_EXPANDED::Sclerotome,expanded,SODB_CHEN2022SPATIOTEMPORAL_EXPANDED,Sclerotome,909,501-1000,0.0963391136801541,0.0987654320987654,0.1073910296904611,0.1139962001266624,0.0937700706486833,,0.1495016611295681,0.1014686248331108,0.002426318418611295,-0.015230768027896996,-0.002569043031470805,-0.020226129477979096,,,0.05316254744941398,0.005129511152956692,False,False,False,False,False,False,False,0.1157407407407407,0.0825082508250825,0.1125175808720112,0.088008800880088
expanded::SODB_CHEN2022SPATIOTEMPORAL_EXPANDED::Spinal cord,expanded,SODB_CHEN2022SPATIOTEMPORAL_EXPANDED,Spinal cord,787,501-1000,0.1873252562907735,0.2084095063985374,0.1888733052828425,0.2175309775126204,0.1940850277264325,,0.171875,0.2135678391959798,0.02108425010776388,-0.009121471114083013,0.006759771435658979,-0.023445949786187914,,,-0.015450256290773512,0.026242582905206285,False,False,False,True,False,False,False,0.1479028697571744,0.2554002541296061,0.1627408993576017,0.289707750952986
expanded::SODB_CHEN2022SPATIOTEMPORAL_EXPANDED::Surface ectoderm,expanded,SODB_CHEN2022SPATIOTEMPORAL_EXPANDED,Surface ectoderm,972,501-1000,0.2262180974477958,0.2349665924276169,0.2190034762456547,0.2551487414187643,0.220489977728285,,0.3517084282460137,0.2265749073583907,0.008748494979821081,-0.020182148991147425,-0.005728119719510816,-0.03465876369047932,,,0.12549033079821792,0.00035680991059489076,False,False,False,False,False,False,False,0.2593085106382978,0.2006172839506173,0.2560679611650485,0.2170781893004115
expanded::SODB_CODELUPPI2018SPATIAL_EXPANDED::Astrocyte_Gfap,expanded,SODB_CODELUPPI2018SPATIAL_EXPANDED,Astrocyte_Gfap,87,26-100,0.2727272727272727,0.2592592592592592,0.3063063063063063,0.3103448275862069,0.2727272727272727,,0.5841584158415841,0.6174496644295302,-0.013468013468013518,-0.05108556832694772,0.0,-0.0376175548589342,,,0.3114311431143114,0.3447223917022575,False,False,False,False,True,False,False,0.6521739130434783,0.1724137931034483,0.6666666666666666,0.160919540229885
expanded::SODB_CODELUPPI2018SPATIAL_EXPANDED::Astrocyte_Mfge8,expanded,SODB_CODELUPPI2018SPATIAL_EXPANDED,Astrocyte_Mfge8,131,101-500,0.5078651685393258,0.5067873303167421,0.4965831435079727,0.5149425287356322,0.5124716553287981,,0.5555555555555556,0.5450121654501217,-0.0010778382225837824,-0.00815519841889012,0.004606486789472286,-0.002470873406834051,,,0.04769038701622974,0.037146996910795815,False,False,False,False,False,False,False,0.3598726114649681,0.8625954198473282,0.360128617363344,0.8549618320610687
expanded::SODB_CODELUPPI2018SPATIAL_EXPANDED::C._Plexus,expanded,SODB_CODELUPPI2018SPATIAL_EXPANDED,C._Plexus,54,26-100,0.2795031055900621,0.2972972972972973,0.2810457516339869,0.2784810126582279,0.2894736842105263,,0.3861386138613861,0.3059701492537314,0.01779419170723523,0.01625154566331044,0.009970578620464243,-0.007823613086770986,,,0.10663550827132401,0.02646704366366931,True,False,False,True,False,False,False,0.167910447761194,0.8333333333333334,0.1818181818181818,0.8148148148148148
expanded::SODB_CODELUPPI2018SPATIAL_EXPANDED::Endothelial,expanded,SODB_CODELUPPI2018SPATIAL_EXPANDED,Endothelial,252,101-500,0.7142857142857143,0.6997742663656885,0.6931567328918322,0.7088036117381491,0.70561797752809,,0.7576791808873721,0.7773584905660376,-0.014511447920025788,-0.014511447920025788,-0.008667736757624334,-0.008667736757624334,,,0.04339346660165777,0.06307277628032326,False,False,False,False,True,False,False,0.8163265306122449,0.6349206349206349,0.8115183246073299,0.6150793650793651
expanded::SODB_CODELUPPI2018SPATIAL_EXPANDED::Endothelial_1,expanded,SODB_CODELUPPI2018SPATIAL_EXPANDED,Endothelial_1,105,101-500,0.3945205479452055,0.4244186046511627,0.3999999999999999,0.4065934065934065,0.4088397790055249,,0.4094488188976378,0.4808362369337979,0.029898056705957188,0.01782519805775623,0.014319231060319348,-0.01557882564563784,,,0.014928270952432265,0.08631568898859238,True,False,False,True,False,True,False,0.2769230769230769,0.6857142857142857,0.3054393305439331,0.6952380952380952
expanded::SODB_CODELUPPI2018SPATIAL_EXPANDED::Ependymal,expanded,SODB_CODELUPPI2018SPATIAL_EXPANDED,Ependymal,112,101-500,0.1451612903225806,0.2442748091603053,0.2,0.1157024793388429,0.2424242424242424,,0.5280898876404494,0.4305555555555556,0.0991135188377247,0.044274809160305295,0.0972629521016618,-0.001850566736062903,,,0.38292859731786877,0.28539426523297495,True,False,False,True,False,True,False,0.75,0.0803571428571428,0.8421052631578947,0.1428571428571428
expanded::SODB_CODELUPPI2018SPATIAL_EXPANDED::Excluded,expanded,SODB_CODELUPPI2018SPATIAL_EXPANDED,Excluded,489,101-500,0.0241448692152917,0.032064128256513,0.0241448692152917,0.028,0.0241448692152917,,0.0502901353965183,0.0472440944881889,0.007919259041221302,0.004064128256513002,0.0,-0.007919259041221302,,,0.026145266181226597,0.0230992252728972,False,False,False,False,False,False,False,0.75,0.0122699386503067,0.8,0.016359918200409
expanded::SODB_CODELUPPI2018SPATIAL_EXPANDED::Hippocampus,expanded,SODB_CODELUPPI2018SPATIAL_EXPANDED,Hippocampus,148,101-500,0.6406926406926406,0.7640449438202247,0.75,0.6987951807228916,0.7154471544715447,,0.3663366336633663,0.6052631578947368,0.12335230312758405,0.014044943820224698,0.07475451377890407,-0.048597789348679976,,,-0.2743560070292744,-0.03542948279790381,True,False,False,True,False,True,False,0.891566265060241,0.5,0.8571428571428571,0.6891891891891891
expanded::SODB_CODELUPPI2018SPATIAL_EXPANDED::Inhibitory_CP,expanded,SODB_CODELUPPI2018SPATIAL_EXPANDED,Inhibitory_CP,170,101-500,0.5512528473804099,0.5740740740740741,0.5491990846681923,0.5662100456621005,0.5694117647058824,,0.268041237113402,0.6170212765957447,0.022821226693664154,0.007864028411973534,0.01815891732547248,-0.004662309368191675,,,-0.2832116102670079,0.06576842921533477,False,False,False,True,False,True,False,0.449814126394052,0.711764705882353,0.4732824427480916,0.7294117647058823
expanded::SODB_CODELUPPI2018SPATIAL_EXPANDED::Inhibitory_Cnr1,expanded,SODB_CODELUPPI2018SPATIAL_EXPANDED,Inhibitory_Cnr1,46,26-100,0.4657534246575342,0.4507042253521127,0.4604316546762589,0.4794520547945206,0.4413793103448276,,0.3602484472049689,0.4736842105263157,-0.015049199305421535,-0.02874782944240789,-0.02437411431270664,-0.038072744449693,,,-0.10550497745256532,0.007930785868781487,False,False,False,False,True,False,True,0.34,0.7391304347826086,0.3333333333333333,0.6956521739130435
expanded::SODB_CODELUPPI2018SPATIAL_EXPANDED::Inhibitory_Crhbp,expanded,SODB_CODELUPPI2018SPATIAL_EXPANDED,Inhibitory_Crhbp,134,101-500,0.3857868020304568,0.3589743589743589,0.3958333333333333,0.4158415841584158,0.38,,0.415973377703827,0.6129032258064516,-0.026812443056097868,-0.0568672251840569,-0.0057868020304567835,-0.03584158415841582,,,0.030186575673370186,0.22711642377599484,False,False,False,False,True,False,False,0.6031746031746031,0.2835820895522388,0.5737704918032787,0.2611940298507462
expanded::SODB_CODELUPPI2018SPATIAL_EXPANDED::Inhibitory_IC,expanded,SODB_CODELUPPI2018SPATIAL_EXPANDED,Inhibitory_IC,91,26-100,0.3195876288659793,0.3333333333333333,0.3076923076923076,0.3246073298429319,0.2842639593908629,,0.1081081081081081,0.2,0.013745704467354014,0.008726003490401424,-0.03532366947511639,-0.04906937394247041,,,-0.2114795207578712,-0.11958762886597929,False,False,False,True,False,False,True,0.3009708737864077,0.3406593406593406,0.3263157894736842,0.3406593406593406
expanded::SODB_CODELUPPI2018SPATIAL_EXPANDED::Inhibitory_Kcnip2,expanded,SODB_CODELUPPI2018SPATIAL_EXPANDED,Inhibitory_Kcnip2,92,26-100,0.644808743169399,0.656084656084656,0.6417112299465241,0.6298342541436465,0.6524064171122995,,0.4221105527638191,0.6424870466321244,0.011275912915257091,0.011275912915257091,0.007597673942900562,-0.003678238972356529,,,-0.22269819040557987,-0.0023216965372745424,True,False,False,True,False,False,False,0.6483516483516484,0.6413043478260869,0.6391752577319587,0.6739130434782609
expanded::SODB_CODELUPPI2018SPATIAL_EXPANDED::Inhibitory_Pthlh,expanded,SODB_CODELUPPI2018SPATIAL_EXPANDED,Inhibitory_Pthlh,104,101-500,0.2325581395348836,0.2096774193548387,0.1788617886178861,0.2121212121212121,0.2222222222222222,,0.427906976744186,0.3797468354430379,-0.022880720180044917,-0.022880720180044917,-0.010335917312661397,-0.010335917312661397,,,0.19534883720930238,0.14718869590815428,False,False,False,False,True,False,True,0.6,0.1442307692307692,0.65,0.125
expanded::SODB_CODELUPPI2018SPATIAL_EXPANDED::Inhibitory_Vip,expanded,SODB_CODELUPPI2018SPATIAL_EXPANDED,Inhibitory_Vip,142,101-500,0.6120996441281139,0.6277372262773722,0.6204379562043796,0.6268656716417911,0.6254545454545454,,0.6000000000000001,0.5957446808510638,0.015637582149258256,0.0008715546355810844,0.013354901326431468,-0.002282680822826788,,,-0.012099644128113818,-0.016354963277050105,False,False,False,True,False,True,False,0.6187050359712231,0.6056338028169014,0.6515151515151515,0.6056338028169014
expanded::SODB_CODELUPPI2018SPATIAL_EXPANDED::Microglia,expanded,SODB_CODELUPPI2018SPATIAL_EXPANDED,Microglia,55,26-100,0.4928909952606634,0.504950495049505,0.504950495049505,0.5098039215686274,0.4952380952380952,,0.3941605839416058,0.4354838709677419,0.012059499788841577,-0.004853426519122461,0.0023470999774318213,-0.014565826330532217,,,-0.09873041131905758,-0.057407124292921496,False,False,False,True,False,False,False,0.3333333333333333,0.9454545454545454,0.3469387755102041,0.9272727272727272
expanded::SODB_CODELUPPI2018SPATIAL_EXPANDED::Oligodendrocyte_COP,expanded,SODB_CODELUPPI2018SPATIAL_EXPANDED,Oligodendrocyte_COP,171,101-500,0.3636363636363636,0.4799999999999999,0.3773584905660377,0.4074074074074074,0.4383561643835616,,0.7177914110429449,0.7084870848708488,0.11636363636363634,0.07259259259259254,0.07471980074719803,-0.04164383561643831,,,0.35415504740658127,0.3448507212344852,True,False,False,True,False,True,False,1.0,0.2222222222222222,1.0,0.3157894736842105
expanded::SODB_CODELUPPI2018SPATIAL_EXPANDED::Oligodendrocyte_MF,expanded,SODB_CODELUPPI2018SPATIAL_EXPANDED,Oligodendrocyte_MF,121,101-500,0.4763948497854077,0.441351888667992,0.4507042253521127,0.4715789473684211,0.4558521560574948,,0.4130434782608695,0.4293785310734463,-0.03504296111741567,-0.03504296111741567,-0.020542693727912897,-0.020542693727912897,,,-0.06335137152453818,-0.04701631871196138,False,False,False,False,True,False,True,0.3217391304347826,0.9173553719008264,0.2905759162303665,0.9173553719008264
expanded::SODB_CODELUPPI2018SPATIAL_EXPANDED::Oligodendrocyte_Mature,expanded,SODB_CODELUPPI2018SPATIAL_EXPANDED,Oligodendrocyte_Mature,450,101-500,0.3703703703703704,0.3205828779599272,0.3542039355992844,0.3562610229276896,0.3846153846153846,,0.3437499999999999,0.3889845094664372,-0.049787492410443224,-0.049787492410443224,0.014245014245014176,0.014245014245014176,,,-0.026620370370370516,0.018614139096066795,False,True,False,False,True,True,False,0.8974358974358975,0.2333333333333333,0.8888888888888888,0.1955555555555555
expanded::SODB_CODELUPPI2018SPATIAL_EXPANDED::Oligodendrocyte_NF,expanded,SODB_CODELUPPI2018SPATIAL_EXPANDED,Oligodendrocyte_NF,87,26-100,0.7636363636363636,0.7682926829268294,0.757396449704142,0.778443113772455,0.7730061349693252,,0.7379679144385026,0.738095238095238,0.004656319290465838,-0.010150430845625613,0.009369771332961685,-0.005436978803129766,,,-0.025668449197860932,-0.02554112554112553,False,False,False,False,False,False,False,0.8076923076923077,0.7241379310344828,0.8181818181818182,0.7241379310344828
expanded::SODB_CODELUPPI2018SPATIAL_EXPANDED::Oligodendrocyte_Precursor_cells,expanded,SODB_CODELUPPI2018SPATIAL_EXPANDED,Oligodendrocyte_Precursor_cells,128,101-500,0.6418338108882521,0.6453488372093024,0.6416184971098265,0.6418338108882521,0.6528189910979229,,0.6208791208791209,0.6178861788617885,0.003515026321050274,0.003515026321050274,0.010985180209670764,0.00747015388862049,,,-0.020954690009131194,-0.02394763202646355,False,False,False,False,False,True,False,0.5067873303167421,0.875,0.5138888888888888,0.8671875
expanded::SODB_CODELUPPI2018SPATIAL_EXPANDED::Pericytes,expanded,SODB_CODELUPPI2018SPATIAL_EXPANDED,Pericytes,106,101-500,0.4739884393063583,0.4705882352941176,0.4643962848297214,0.4785276073619631,0.4723926380368097,,0.5196078431372549,0.4962962962962963,-0.003400204012240726,-0.007939372067845507,-0.0015958012695486135,-0.006134969325153394,,,0.04561940383089663,0.02230785698993798,False,False,False,False,False,False,False,0.3416666666666667,0.7735849056603774,0.3502304147465437,0.7169811320754716
expanded::SODB_CODELUPPI2018SPATIAL_EXPANDED::Perivascular_Macrophages,expanded,SODB_CODELUPPI2018SPATIAL_EXPANDED,Perivascular_Macrophages,72,26-100,0.3949843260188088,0.4163822525597269,0.3959731543624161,0.3987341772151899,0.4065573770491803,,0.4615384615384615,0.4661654135338346,0.0213979265409181,0.017648075344536995,0.01157305103037154,-0.00982487551054656,,,0.06655413551965272,0.07118108751502583,True,False,False,True,False,True,False,0.2550607287449393,0.875,0.2760180995475113,0.8472222222222222
expanded::SODB_CODELUPPI2018SPATIAL_EXPANDED::Pyramidal_Cpne5,expanded,SODB_CODELUPPI2018SPATIAL_EXPANDED,Pyramidal_Cpne5,97,26-100,0.416452442159383,0.4285714285714286,0.4285714285714286,0.432,0.4186046511627906,,0.3987730061349693,0.4265927977839335,0.012118986412045618,-0.003428571428571392,0.0021522090034076236,-0.013395348837209387,,,-0.017679436024413686,0.010140355624550512,False,False,False,True,False,False,False,0.2773972602739726,0.8350515463917526,0.2882562277580071,0.8350515463917526
expanded::SODB_CODELUPPI2018SPATIAL_EXPANDED::Pyramidal_Kcnip2,expanded,SODB_CODELUPPI2018SPATIAL_EXPANDED,Pyramidal_Kcnip2,29,26-100,0.0,0.0,0.0,0.0,0.0,,0.0624999999999999,0.2777777777777778,0.0,0.0,0.0,0.0,,,0.0624999999999999,0.2777777777777778,False,False,False,False,False,False,False,0.0,0.0,0.0,0.0
expanded::SODB_CODELUPPI2018SPATIAL_EXPANDED::Pyramidal_L2-3,expanded,SODB_CODELUPPI2018SPATIAL_EXPANDED,Pyramidal_L2-3,206,101-500,0.0825688073394495,0.1572052401746725,0.090497737556561,0.1238938053097345,0.1339285714285714,,0.1558441558441558,0.1081081081081081,0.07463643283522299,0.033311434864938,0.05135976408912189,-0.023276668746101098,,,0.07327534850470631,0.025539300768658596,True,False,False,True,False,True,False,0.75,0.0436893203883495,0.782608695652174,0.087378640776699
expanded::SODB_CODELUPPI2018SPATIAL_EXPANDED::Pyramidal_L2-3_L5,expanded,SODB_CODELUPPI2018SPATIAL_EXPANDED,Pyramidal_L2-3_L5,318,101-500,0.6360544217687074,0.6456953642384106,0.6398659966499162,0.6305418719211823,0.6383701188455009,,0.59391771019678,0.6252158894645942,0.009640942469703151,0.005829367588494394,0.002315697076793466,-0.007325245392909685,,,-0.04213671157192744,-0.010838532304113246,False,False,False,False,False,False,False,0.6925925925925925,0.5880503144654088,0.6818181818181818,0.6132075471698113
expanded::SODB_CODELUPPI2018SPATIAL_EXPANDED::Pyramidal_L3-4,expanded,SODB_CODELUPPI2018SPATIAL_EXPANDED,Pyramidal_L3-4,158,101-500,0.0,0.0,0.0,0.0,0.0,,0.2566844919786096,0.0493827160493827,0.0,0.0,0.0,0.0,,,0.2566844919786096,0.0493827160493827,False,False,False,False,False,False,False,0.0,0.0,0.0,0.0
expanded::SODB_CODELUPPI2018SPATIAL_EXPANDED::Pyramidal_L5,expanded,SODB_CODELUPPI2018SPATIAL_EXPANDED,Pyramidal_L5,171,101-500,0.5118110236220472,0.5058365758754864,0.5230769230769231,0.4901185770750988,0.5138339920948617,,0.5543859649122806,0.5407407407407407,-0.0059744477465608625,-0.017240347201436745,0.002022968472814468,-0.009242930982061415,,,0.042574941290233426,0.02892971711869352,False,False,False,False,False,False,False,0.7831325301204819,0.3801169590643274,0.7558139534883721,0.3801169590643274
expanded::SODB_CODELUPPI2018SPATIAL_EXPANDED::Pyramidal_L6,expanded,SODB_CODELUPPI2018SPATIAL_EXPANDED,Pyramidal_L6,439,101-500,0.8753993610223642,0.8760504201680672,0.8739495798319328,0.8688352570828961,0.8719576719576719,,0.8934707903780069,0.8866886688668866,0.0006510591457030701,0.0006510591457030701,-0.0034416890646922216,-0.004092748210395292,,,0.018071429355642765,0.011289307844522423,False,False,False,False,False,False,False,0.822,0.9362186788154896,0.8128654970760234,0.9498861047835992
expanded::SODB_CODELUPPI2018SPATIAL_EXPANDED::Vascular_Smooth_Muscle,expanded,SODB_CODELUPPI2018SPATIAL_EXPANDED,Vascular_Smooth_Muscle,37,26-100,0.3105022831050228,0.2707423580786026,0.2920353982300885,0.3039215686274509,0.3,,0.4693877551020408,0.4177215189873418,-0.03975992502642023,-0.03975992502642023,-0.010502283105022825,-0.010502283105022825,,,0.15888547199701797,0.10721923588231896,False,False,False,False,True,False,True,0.1868131868131868,0.918918918918919,0.1614583333333333,0.8378378378378378
expanded::SODB_CODELUPPI2018SPATIAL_EXPANDED::pyramidal_L4,expanded,SODB_CODELUPPI2018SPATIAL_EXPANDED,pyramidal_L4,526,501-1000,0.7251566696508505,0.7401574803149606,0.7367491166077739,0.7437722419928826,0.7370272647317502,,0.5551425030978934,0.7497656982193065,0.015000810664110187,-0.0036147616779219627,0.011870595080899715,-0.006744977261132434,,,-0.1700141665529571,0.024609028568456037,False,False,False,True,False,True,False,0.6852791878172588,0.7699619771863118,0.6855753646677472,0.8041825095057035
expanded::SODB_ENG2019TRANSCRIPTOME_EXPANDED::Astrocyte,expanded,SODB_ENG2019TRANSCRIPTOME_EXPANDED,Astrocyte,124,101-500,0.6094674556213018,0.6257668711656441,0.60790273556231,0.5971014492753624,0.6238532110091743,,0.3526170798898071,0.5071225071225072,0.016299415544342333,0.016299415544342333,0.014385755387872567,-0.0019136601564697653,,,-0.25685037573149466,-0.10234494849879461,True,False,False,True,False,True,False,0.4813084112149532,0.8306451612903226,0.504950495049505,0.8225806451612904
expanded::SODB_ENG2019TRANSCRIPTOME_EXPANDED::Choroid Plexus,expanded,SODB_ENG2019TRANSCRIPTOME_EXPANDED,Choroid Plexus,198,101-500,0.549618320610687,0.5255474452554744,0.5219512195121951,0.543640897755611,0.5317073170731708,,0.6777777777777777,0.5720930232558139,-0.024070875355212684,-0.024070875355212684,-0.01791100353751629,-0.01791100353751629,,,0.12815945716709065,0.022474702645126854,False,False,False,False,True,False,True,0.5538461538461539,0.5454545454545454,0.5070422535211268,0.5454545454545454
expanded::SODB_ENG2019TRANSCRIPTOME_EXPANDED::Endothelial,expanded,SODB_ENG2019TRANSCRIPTOME_EXPANDED,Endothelial,136,101-500,0.7806451612903226,0.7289156626506024,0.7218934911242604,0.7857142857142858,0.7781350482315113,,0.3945205479452054,0.6852367688022285,-0.051729498639720206,-0.05679862306368344,-0.002510113058811325,-0.007579237482774559,,,-0.38612461334511716,-0.09540839248809407,False,False,False,False,True,False,False,0.6954022988505747,0.8897058823529411,0.6173469387755102,0.8897058823529411
expanded::SODB_ENG2019TRANSCRIPTOME_EXPANDED::Ependymal,expanded,SODB_ENG2019TRANSCRIPTOME_EXPANDED,Ependymal,40,26-100,0.0,0.0,0.0,0.0,0.0,,0.0,0.0,0.0,0.0,0.0,0.0,,,0.0,0.0,False,False,False,False,False,False,False,0.0,0.0,0.0,0.0
expanded::SODB_ENG2019TRANSCRIPTOME_EXPANDED::Excitatory neuron,expanded,SODB_ENG2019TRANSCRIPTOME_EXPANDED,Excitatory neuron,674,501-1000,0.6818181818181818,0.6788321167883211,0.6745886654478976,0.6617100371747212,0.6848319709355132,,0.7864077669902911,0.7452006980802792,-0.0029860650298606517,-0.0029860650298606517,0.0030137891173314113,0.0030137891173314113,,,0.10458958517210937,0.06338251626209745,False,False,False,False,False,False,False,0.8802816901408451,0.5563798219584569,0.8815165876777251,0.5519287833827893
expanded::SODB_ENG2019TRANSCRIPTOME_EXPANDED::Interneuron,expanded,SODB_ENG2019TRANSCRIPTOME_EXPANDED,Interneuron,120,101-500,0.5730027548209365,0.5875706214689266,0.5885714285714286,0.569060773480663,0.5819209039548023,,0.5774647887323944,0.6571428571428571,0.014567866647990035,-0.0010008071025020548,0.008918149133865794,-0.006650524616626297,,,0.00446203391145783,0.0841401023219206,False,False,False,True,False,False,False,0.4279835390946502,0.8666666666666667,0.4444444444444444,0.8666666666666667
expanded::SODB_ENG2019TRANSCRIPTOME_EXPANDED::Microglia,expanded,SODB_ENG2019TRANSCRIPTOME_EXPANDED,Microglia,60,26-100,0.408695652173913,0.4051724137931034,0.4292237442922374,0.4363636363636363,0.3868312757201646,,0.2450592885375494,0.3673469387755103,-0.00352323838080959,-0.03119122257053286,-0.02186437645374839,-0.04953236064347166,,,-0.1636363636363636,-0.04134871339840274,False,False,False,False,False,False,True,0.2764705882352941,0.7833333333333333,0.2732558139534883,0.7833333333333333
expanded::SODB_ENG2019TRANSCRIPTOME_EXPANDED::Neural Stem,expanded,SODB_ENG2019TRANSCRIPTOME_EXPANDED,Neural Stem,136,101-500,0.0521739130434782,0.0521739130434782,0.0512820512820512,0.0481927710843373,0.0524017467248908,,0.0,0.0574162679425837,0.0,0.0,0.0002278336814125967,0.0002278336814125967,,,-0.0521739130434782,0.005242354899105496,False,False,False,False,False,False,False,0.0638297872340425,0.0441176470588235,0.0638297872340425,0.0441176470588235
expanded::SODB_ENG2019TRANSCRIPTOME_EXPANDED::Neuroblast,expanded,SODB_ENG2019TRANSCRIPTOME_EXPANDED,Neuroblast,256,101-500,0.060790273556231,0.0481927710843373,0.0489296636085626,0.048048048048048,0.0547112462006079,,0.0264026402640264,0.0252365930599369,-0.012597502471893694,-0.012597502471893694,-0.006079027355623094,-0.006079027355623094,,,-0.034387633292204595,-0.03555368049629409,False,False,False,False,True,False,False,0.136986301369863,0.0390625,0.1052631578947368,0.03125
expanded::SODB_ENG2019TRANSCRIPTOME_EXPANDED::Oligodendrocyte,expanded,SODB_ENG2019TRANSCRIPTOME_EXPANDED,Oligodendrocyte,82,26-100,0.5522388059701492,0.5793650793650794,0.5670498084291188,0.5543071161048689,0.5714285714285714,,0.5170068027210885,0.6413502109704641,0.027126273394930234,0.012315270935960632,0.019189765458422214,-0.00793650793650802,,,-0.03523200324906073,0.08911140500031489,True,False,False,True,False,True,False,0.3978494623655914,0.902439024390244,0.4294117647058823,0.8902439024390244
expanded::SODB_FANG2022CONSERVATION_EXPANDED::eL2/3.IT,expanded,SODB_FANG2022CONSERVATION_EXPANDED,eL2/3.IT,1000,501-1000,0.8927628103539355,0.9003147953830011,0.8897136797454931,0.8960084033613446,0.8982604111755402,,0.6185286103542234,0.8552263834544439,0.007551985029065622,0.004306392021656502,0.005497600821604776,-0.0020543842074608465,,,-0.2742341999997121,-0.03753642689949155,False,False,False,False,False,False,False,0.9462486002239642,0.845,0.9470198675496688,0.858
expanded::SODB_FANG2022CONSERVATION_EXPANDED::eL4/5.IT,expanded,SODB_FANG2022CONSERVATION_EXPANDED,eL4/5.IT,798,501-1000,0.8794826572604348,0.8842105263157894,0.8710059171597633,0.8804220398593201,0.8851113716295427,,0.7668650793650794,0.8615384615384616,0.0047278690553546054,0.003788486456469342,0.0056287143691078345,0.0009008453137532291,,,-0.11261757789535543,-0.017944195721973255,False,False,False,False,False,False,False,0.8283499446290143,0.93734335839599,0.8289473684210527,0.9473684210526316
expanded::SODB_FANG2022CONSERVATION_EXPANDED::eL5.IT,expanded,SODB_FANG2022CONSERVATION_EXPANDED,eL5.IT,1000,501-1000,0.7445887445887447,0.7727546714888487,0.7418361059765866,0.7552275522755229,0.7630619684082625,,0.7390243902439024,0.7689508793208004,0.028165926900104,0.017527119213325837,0.01847322381951777,-0.009692703080586229,,,-0.0055643543448422594,0.02436213473205573,True,False,False,True,False,True,False,0.9756888168557536,0.602,0.9726858877086496,0.641
expanded::SODB_FANG2022CONSERVATION_EXPANDED::eL5/6.NP,expanded,SODB_FANG2022CONSERVATION_EXPANDED,eL5/6.NP,129,101-500,0.7619047619047619,0.7852760736196318,0.7664670658682634,0.7463556851311952,0.7828746177370031,,0.9469696969696968,0.9343065693430656,0.023371311714869947,0.0188090077513684,0.020969855832241202,-0.0024014558826287447,,,0.18506493506493493,0.1724018074383037,True,False,False,True,False,True,False,0.6183574879227053,0.992248062015504,0.649746192893401,0.992248062015504
expanded::SODB_FANG2022CONSERVATION_EXPANDED::eL6.CT,expanded,SODB_FANG2022CONSERVATION_EXPANDED,eL6.CT,127,101-500,0.689922480620155,0.6980392156862745,0.6768060836501901,0.6615969581749049,0.6953125,,0.9182879377431908,0.901185770750988,0.00811673506611943,0.00811673506611943,0.005390019379844957,-0.0027267156862744724,,,0.2283654571230358,0.211263290130833,False,False,False,False,False,False,False,0.6793893129770993,0.7007874015748031,0.6953125,0.7007874015748031
expanded::SODB_FANG2022CONSERVATION_EXPANDED::eL6.IT,expanded,SODB_FANG2022CONSERVATION_EXPANDED,eL6.IT,388,101-500,0.7585335018963338,0.7645569620253165,0.747141041931385,0.7532133676092545,0.7614213197969544,,0.642051282051282,0.7804878048780487,0.006023460128982694,0.006023460128982694,0.0028878179006205373,-0.0031356422283621566,,,-0.1164822198450518,0.021954302981714857,False,False,False,False,False,False,False,0.7444168734491315,0.7731958762886598,0.7512437810945274,0.7783505154639175
expanded::SODB_FANG2022CONSERVATION_EXPANDED::eL6.IT.CAR3,expanded,SODB_FANG2022CONSERVATION_EXPANDED,eL6.IT.CAR3,129,101-500,0.6354679802955665,0.6701298701298701,0.5958429561200924,0.6308068459657702,0.6736292428198434,,0.8827586206896552,0.8835616438356165,0.03466188983430363,0.03466188983430363,0.03816126252427687,0.003499372689973246,,,0.24729064039408866,0.24809366354005002,True,False,False,True,False,True,False,0.4657039711191336,1.0,0.50390625,1.0
expanded::SODB_FANG2022CONSERVATION_EXPANDED::eL6b,expanded,SODB_FANG2022CONSERVATION_EXPANDED,eL6b,125,101-500,0.6138613861386139,0.6246851385390428,0.6123456790123457,0.6108374384236454,0.6345177664974619,,0.8157894736842106,0.8802816901408451,0.010823752400428988,0.010823752400428988,0.020656380358848092,0.009832627958419105,,,0.20192808754559677,0.26642030400223127,True,False,False,True,False,True,False,0.4444444444444444,0.992,0.4558823529411764,0.992
expanded::SODB_FANG2022CONSERVATION_EXPANDED::iLAMP5,expanded,SODB_FANG2022CONSERVATION_EXPANDED,iLAMP5,240,101-500,0.8134991119005328,0.8186714542190305,0.8021015761821367,0.8194945848375451,0.8157423971377459,,0.7887323943661972,0.888888888888889,0.005172342318497725,-0.0008231306185145781,0.0022432852372130663,-0.0037521876997992365,,,-0.02476671753433557,0.07538977698835614,False,False,False,False,False,False,False,0.7089783281733746,0.9541666666666668,0.7192429022082019,0.95
expanded::SODB_FANG2022CONSERVATION_EXPANDED::iPVALB,expanded,SODB_FANG2022CONSERVATION_EXPANDED,iPVALB,530,501-1000,0.9223826714801444,0.9183856502242153,0.9170383586083852,0.9136690647482014,0.913470115967886,,0.8844621513944223,0.9388145315487572,-0.003997021255929156,-0.003997021255929156,-0.008912555512258447,-0.008912555512258447,,,-0.03792052008572211,0.016431860068612747,False,False,False,False,False,False,False,0.884083044982699,0.9641509433962264,0.8752136752136752,0.9660377358490566
expanded::SODB_FANG2022CONSERVATION_EXPANDED::iSST,expanded,SODB_FANG2022CONSERVATION_EXPANDED,iSST,658,501-1000,0.940044411547002,0.9405646359583952,0.937592867756315,0.9339272457312546,0.9429206819866568,,0.8596256684491979,0.9205440229062276,0.0005202244113932109,0.0005202244113932109,0.002876270439654771,0.0023560460282615603,,,-0.08041874309780417,-0.019500388640774413,False,False,False,False,False,False,False,0.9163059163059164,0.9650455927051672,0.9200581395348836,0.9620060790273556
expanded::SODB_FANG2022CONSERVATION_EXPANDED::iVIP,expanded,SODB_FANG2022CONSERVATION_EXPANDED,iVIP,602,501-1000,0.9273469387755102,0.9252032520325204,0.9160554197229014,0.920096852300242,0.9242053789731052,,0.8193123628383321,0.9470252648736756,-0.0021436867429898143,-0.0021436867429898143,-0.0031415598024050473,-0.0031415598024050473,,,-0.10803457593717813,0.019678326098165333,False,False,False,False,False,False,False,0.9117174959871588,0.9435215946843852,0.9060509554140128,0.9451827242524916
expanded::SODB_FANG2022CONSERVATION_EXPANDED::lASC,expanded,SODB_FANG2022CONSERVATION_EXPANDED,lASC,1000,501-1000,0.9353128313891834,0.929637526652452,0.9322666666666668,0.936870026525199,0.9348171701112876,,0.9334730225248822,0.9536699635606456,-0.00567530473673139,-0.007232499872746989,-0.0004956612778957981,-0.002052856413911397,,,-0.00183980886430124,0.018357132171462176,False,False,False,False,False,False,False,0.9954853273137696,0.882,0.9954337899543378,0.872
expanded::SODB_FANG2022CONSERVATION_EXPANDED::lMGC,expanded,SODB_FANG2022CONSERVATION_EXPANDED,lMGC,1000,501-1000,0.9343358395989976,0.9290387518872674,0.928392588883325,0.937625754527163,0.929718875502008,,0.826066572902016,0.9035045607297169,-0.005297087711730208,-0.008587002639895647,-0.004616964096989529,-0.007906879025154967,,,-0.10826926669698156,-0.03083127886928072,False,False,False,False,False,False,False,0.9366834170854272,0.932,0.9351570415400202,0.923
expanded::SODB_FANG2022CONSERVATION_EXPANDED::lOGC,expanded,SODB_FANG2022CONSERVATION_EXPANDED,lOGC,1000,501-1000,0.9490351311232064,0.9454905847373636,0.9390609390609392,0.9496259351620948,0.9461196243203164,,0.8423621278672523,0.9278547539417106,-0.003544546385842784,-0.004135350424731232,-0.002915506802889989,-0.003506310841778437,,,-0.10667300325595408,-0.02118037718149579,False,False,False,False,False,False,False,0.939275220372184,0.959,0.93713163064833,0.954
expanded::SODB_FANG2022CONSERVATION_EXPANDED::lOPC,expanded,SODB_FANG2022CONSERVATION_EXPANDED,lOPC,1000,501-1000,0.9531568228105908,0.9504343382728666,0.947422154160286,0.9453244762391416,0.9494640122511486,,0.9072270630445926,0.941,-0.002722484537724168,-0.002722484537724168,-0.00369281055944215,-0.00369281055944215,,,-0.045929759765998224,-0.012156822810590828,False,False,False,False,False,False,False,0.970954356846473,0.936,0.9717868338557992,0.93
expanded::SODB_FANG2022CONSERVATION_EXPANDED::oENDO,expanded,SODB_FANG2022CONSERVATION_EXPANDED,oENDO,1000,501-1000,0.9216776149570493,0.9154929577464788,0.9132189707366296,0.9088145896656534,0.9155778894472364,,0.9131592967501332,0.9224612306153076,-0.006184657210570488,-0.006184657210570488,-0.006099725509812859,-0.006099725509812859,,,-0.008518318206916065,0.000783615658258352,False,False,False,False,False,False,False,0.9315628192032688,0.912,0.9210526315789472,0.91
expanded::SODB_FANG2022CONSERVATION_EXPANDED::oMURAL,expanded,SODB_FANG2022CONSERVATION_EXPANDED,oMURAL,922,501-1000,0.9243604004449388,0.9197324414715718,0.9147632311977716,0.9122222222222224,0.9162946428571428,,0.8980044345898005,0.925925925925926,-0.004627958973366986,-0.004627958973366986,-0.00806575758779604,-0.00806575758779604,,,-0.02635596585513833,0.0015655254809872066,False,False,False,False,False,False,False,0.9486301369863014,0.901301518438178,0.9461009174311926,0.8947939262472885
expanded::SODB_HE2020INTEGRATING_EXPANDED::non,expanded,SODB_HE2020INTEGRATING_EXPANDED,non,1000,501-1000,0.783608195902049,0.786967418546366,0.7804391217564871,0.786967418546366,0.7954319761668321,,0.694,0.8183538315988647,0.0033592226443169837,0.0,0.011823780264783146,0.008464557620466162,,,-0.08960819590204905,0.03474563569681566,False,False,False,False,False,True,False,0.7832167832167832,0.784,0.7889447236180904,0.785
expanded::SODB_HE2020INTEGRATING_EXPANDED::tumor,expanded,SODB_HE2020INTEGRATING_EXPANDED,tumor,1000,501-1000,0.783391695847924,0.7880299251870324,0.7795591182364731,0.7880299251870324,0.7925478348439075,,0.694,0.7963944856839873,0.004638229339108402,0.0,0.009156138995983443,0.004517909656875041,,,-0.08939169584792406,0.013002789836063289,False,False,False,False,False,False,False,0.7837837837837838,0.783,0.7860696517412935,0.79
expanded::SODB_MARSHALL2022HIGH_HUMAN_EXPANDED::CD-A-IC,expanded,SODB_MARSHALL2022HIGH_HUMAN_EXPANDED,CD-A-IC,53,26-100,0.0,0.0,0.0,0.0,0.0,,0.0,0.0,0.0,0.0,0.0,0.0,,,0.0,0.0,False,False,False,False,False,False,False,0.0,0.0,0.0,0.0
expanded::SODB_MARSHALL2022HIGH_HUMAN_EXPANDED::CD-B-IC,expanded,SODB_MARSHALL2022HIGH_HUMAN_EXPANDED,CD-B-IC,217,101-500,0.0,0.0,0.0,0.0,0.0,,0.0,0.0,0.0,0.0,0.0,0.0,,,0.0,0.0,False,False,False,False,False,False,False,0.0,0.0,0.0,0.0
expanded::SODB_MARSHALL2022HIGH_HUMAN_EXPANDED::CD-IC,expanded,SODB_MARSHALL2022HIGH_HUMAN_EXPANDED,CD-IC,620,501-1000,0.1584415584415584,0.1475195822454308,0.1540436456996148,0.1450777202072538,0.1759794476557482,,0.055045871559633,0.1483113069016152,-0.010921976196127614,-0.010921976196127614,0.017537889214189778,0.017537889214189778,,,-0.10339568688192541,-0.010130251539943208,False,True,False,False,True,True,False,0.1326086956521739,0.1967741935483871,0.1239035087719298,0.182258064516129
expanded::SODB_MARSHALL2022HIGH_HUMAN_EXPANDED::CD-PC,expanded,SODB_MARSHALL2022HIGH_HUMAN_EXPANDED,CD-PC,1000,501-1000,0.513711151736746,0.5134899912967797,0.4979665612291008,0.5199084668192219,0.509502262443439,,0.455709711846318,0.516822429906542,-0.00022116043996622814,-0.006418475522442124,-0.004208889293306983,-0.01040620437578288,,,-0.058001439890428,0.003111278169796061,False,False,False,False,False,False,False,0.4730639730639731,0.562,0.4545454545454545,0.59
expanded::SODB_MARSHALL2022HIGH_HUMAN_EXPANDED::CNT,expanded,SODB_MARSHALL2022HIGH_HUMAN_EXPANDED,CNT,895,501-1000,0.0,0.0,0.0,0.0,0.0,,0.0,0.0,0.0,0.0,0.0,0.0,,,0.0,0.0,False,False,False,False,False,False,False,0.0,0.0,0.0,0.0
expanded::SODB_MARSHALL2022HIGH_HUMAN_EXPANDED::DCT,expanded,SODB_MARSHALL2022HIGH_HUMAN_EXPANDED,DCT,832,501-1000,0.4433537832310838,0.4580090126997132,0.4395061728395061,0.4377076411960133,0.4579967689822293,,0.2060204363435515,0.3553299492385787,0.014655229468629405,0.014655229468629405,0.014642985751145476,-1.2243717483928496e-05,,,-0.23733334688753233,-0.08802383399250513,True,False,False,True,False,True,False,0.3360198388096714,0.6514423076923077,0.3474207582349285,0.671875
expanded::SODB_MARSHALL2022HIGH_HUMAN_EXPANDED::EC,expanded,SODB_MARSHALL2022HIGH_HUMAN_EXPANDED,EC,1000,501-1000,0.1223241590214067,0.1210268948655256,0.1183723797780518,0.115527950310559,0.121580547112462,,0.019652305366591,0.0693877551020408,-0.0012972641558810921,-0.0012972641558810921,-0.0007436119089447024,-0.0007436119089447024,,,-0.1026718536548157,-0.052936403919365896,False,False,False,False,False,False,False,0.1574803149606299,0.1,0.1556603773584905,0.099
expanded::SODB_MARSHALL2022HIGH_HUMAN_EXPANDED::Endothelial,expanded,SODB_MARSHALL2022HIGH_HUMAN_EXPANDED,Endothelial,1000,501-1000,0.0,0.0,0.0,0.0,0.0,,0.0,0.0,0.0,0.0,0.0,0.0,,,0.0,0.0,False,False,False,False,False,False,False,0.0,0.0,0.0,0.0
expanded::SODB_MARSHALL2022HIGH_HUMAN_EXPANDED::Fibroblast,expanded,SODB_MARSHALL2022HIGH_HUMAN_EXPANDED,Fibroblast,596,501-1000,0.0229182582123758,0.0267085624509033,0.0248833592534992,0.0234948604992657,0.0260336906584992,,0.0269360269360269,0.0186915887850467,0.0037903042385274976,0.0018252031974040975,0.0031154324461234,-0.0006748717924040977,,,0.004017768723651099,-0.0042266694273291015,False,False,False,False,False,False,False,0.0210378681626928,0.0251677852348993,0.0251107828655834,0.0285234899328859
expanded::SODB_MARSHALL2022HIGH_HUMAN_EXPANDED::Fibroblasts-1,expanded,SODB_MARSHALL2022HIGH_HUMAN_EXPANDED,Fibroblasts-1,312,101-500,0.0,0.0,0.0,0.0,0.0,,0.0,0.0,0.0,0.0,0.0,0.0,,,0.0,0.0,False,False,False,False,False,False,False,0.0,0.0,0.0,0.0
expanded::SODB_MARSHALL2022HIGH_HUMAN_EXPANDED::GC,expanded,SODB_MARSHALL2022HIGH_HUMAN_EXPANDED,GC,52,26-100,0.0545746388443017,0.0575079872204472,0.0520673813169984,0.0702875399361022,0.0530421216848673,,0.0437956204379562,0.059900166389351,0.002933348376145499,-0.012779552715655007,-0.0015325171594344003,-0.017245418251234906,,,-0.0107790184063455,0.005325527545049301,False,False,False,False,False,False,False,0.0297723292469352,0.3269230769230769,0.0313588850174216,0.3461538461538461
expanded::SODB_MARSHALL2022HIGH_HUMAN_EXPANDED::Immune,expanded,SODB_MARSHALL2022HIGH_HUMAN_EXPANDED,Immune,680,501-1000,0.0,0.0,0.0,0.0,0.0,,0.0,0.0,0.0,0.0,0.0,0.0,,,0.0,0.0,False,False,False,False,False,False,False,0.0,0.0,0.0,0.0
expanded::SODB_MARSHALL2022HIGH_HUMAN_EXPANDED::LOH,expanded,SODB_MARSHALL2022HIGH_HUMAN_EXPANDED,LOH,146,101-500,0.0,0.0,0.0,0.0,0.0,,0.0,0.0,0.0,0.0,0.0,0.0,,,0.0,0.0,False,False,False,False,False,False,False,0.0,0.0,0.0,0.0
expanded::SODB_MARSHALL2022HIGH_HUMAN_EXPANDED::Macrophage,expanded,SODB_MARSHALL2022HIGH_HUMAN_EXPANDED,Macrophage,51,26-100,0.0,0.0,0.0,0.0,0.0,,0.0048840048840048,0.0,0.0,0.0,0.0,0.0,,,0.0048840048840048,0.0,False,False,False,False,False,False,False,0.0,0.0,0.0,0.0
expanded::SODB_MARSHALL2022HIGH_HUMAN_EXPANDED::Mito-rich,expanded,SODB_MARSHALL2022HIGH_HUMAN_EXPANDED,Mito-rich,84,26-100,0.0,0.0,0.0,0.0,0.0,,0.0,0.0,0.0,0.0,0.0,0.0,,,0.0,0.0,False,False,False,False,False,False,False,0.0,0.0,0.0,0.0
expanded::SODB_MARSHALL2022HIGH_HUMAN_EXPANDED::Other_Immune,expanded,SODB_MARSHALL2022HIGH_HUMAN_EXPANDED,Other_Immune,1000,501-1000,0.029029793735676,0.0319391634980988,0.0289193302891933,0.0304878048780487,0.0316027088036117,,0.0264084507042253,0.0248640248640248,0.002909369762422797,0.0014513586200500979,0.0025729150679356973,-0.0003364546944870997,,,-0.0026213430314507014,-0.004165768871651199,False,False,False,False,False,False,False,0.0614886731391585,0.019,0.0666666666666666,0.021
expanded::SODB_MARSHALL2022HIGH_HUMAN_EXPANDED::PCT,expanded,SODB_MARSHALL2022HIGH_HUMAN_EXPANDED,PCT,1000,501-1000,0.3708661417322834,0.3748571428571429,0.3695566888976069,0.377344336084021,0.3673946957878314,,0.4327272727272727,0.4194407456724367,0.003991001124859506,-0.002487193226878126,-0.0034714459444519785,-0.00994964029618961,,,0.0618611309949893,0.04857460394015334,False,False,False,False,False,False,False,0.3058441558441558,0.471,0.3027692307692308,0.492
expanded::SODB_MARSHALL2022HIGH_HUMAN_EXPANDED::PEC,expanded,SODB_MARSHALL2022HIGH_HUMAN_EXPANDED,PEC,327,101-500,0.0,0.0,0.0,0.0,0.0,,0.0,0.0,0.0,0.0,0.0,0.0,,,0.0,0.0,False,False,False,False,False,False,False,0.0,0.0,0.0,0.0
expanded::SODB_MARSHALL2022HIGH_HUMAN_EXPANDED::Pericyte-2,expanded,SODB_MARSHALL2022HIGH_HUMAN_EXPANDED,Pericyte-2,838,501-1000,0.0,0.0,0.0,0.0,0.0,,0.0,0.0,0.0,0.0,0.0,0.0,,,0.0,0.0,False,False,False,False,False,False,False,0.0,0.0,0.0,0.0
expanded::SODB_MARSHALL2022HIGH_HUMAN_EXPANDED::Pericyte/Mesangial,expanded,SODB_MARSHALL2022HIGH_HUMAN_EXPANDED,Pericyte/Mesangial,475,101-500,0.0,0.0,0.0,0.0,0.0,,0.0,0.0,0.0,0.0,0.0,0.0,,,0.0,0.0,False,False,False,False,False,False,False,0.0,0.0,0.0,0.0
expanded::SODB_MARSHALL2022HIGH_HUMAN_EXPANDED::Podocyte,expanded,SODB_MARSHALL2022HIGH_HUMAN_EXPANDED,Podocyte,399,101-500,0.4451772464962902,0.4873015873015873,0.4347120843471208,0.479933110367893,0.4803921568627451,,0.2918739635157545,0.4250188394875659,0.04212434080529709,0.007368476933694301,0.03521491036645491,-0.006909430438842179,,,-0.1533032829805357,-0.02015840700872429,False,False,False,True,False,True,False,0.3316953316953317,0.6766917293233082,0.3565621370499419,0.7694235588972431
expanded::SODB_MARSHALL2022HIGH_HUMAN_EXPANDED::TAL,expanded,SODB_MARSHALL2022HIGH_HUMAN_EXPANDED,TAL,874,501-1000,0.2440614811364694,0.2402234636871508,0.2361175921605226,0.2553191489361702,0.2078785002373042,,0.2565707133917397,0.265432098765432,-0.0038380174493185815,-0.015095685249019386,-0.03618298089916519,-0.047440648698865995,,,0.012509232255270314,0.021370617628962613,False,False,False,False,False,False,True,0.2058130400628436,0.2997711670480549,0.2025117739403453,0.2951945080091533
expanded::SODB_MARSHALL2022HIGH_HUMAN_EXPANDED::tDL-2,expanded,SODB_MARSHALL2022HIGH_HUMAN_EXPANDED,tDL-2,45,26-100,0.0,0.0,0.0,0.0,0.0,,0.0,0.0,0.0,0.0,0.0,0.0,,,0.0,0.0,False,False,False,False,False,False,False,0.0,0.0,0.0,0.0
expanded::SODB_MARSHALL2022HIGH_HUMAN_EXPANDED::vSMC,expanded,SODB_MARSHALL2022HIGH_HUMAN_EXPANDED,vSMC,1000,501-1000,0.0687990343995172,0.074719800747198,0.0675260896255371,0.074390243902439,0.0723482526057633,,0.042823156225218,0.0640104506858262,0.005920766347680795,0.0003295568447590075,0.0035492182062460964,-0.0023715481414346984,,,-0.025975878174299208,-0.004788583713691008,False,False,False,False,False,False,False,0.0867579908675799,0.057,0.099009900990099,0.06
expanded::SODB_MARSHALL2022HIGH_MOUSE_EXPANDED::CD-IC,expanded,SODB_MARSHALL2022HIGH_MOUSE_EXPANDED,CD-IC,73,26-100,0.0279720279720279,0.0363636363636363,0.0372960372960372,0.0356347438752783,0.032183908045977,,0.0393873085339168,0.0283018867924528,0.0083916083916084,-0.0009324009324008994,0.004211880073949098,-0.005112129250060202,,,0.011415280561888903,0.0003298588204249005,False,False,False,False,False,False,False,0.0168539325842696,0.0821917808219178,0.0217983651226158,0.1095890410958904
expanded::SODB_MARSHALL2022HIGH_MOUSE_EXPANDED::CD-PC,expanded,SODB_MARSHALL2022HIGH_MOUSE_EXPANDED,CD-PC,194,101-500,0.1511254019292604,0.1521035598705501,0.1472,0.1461038961038961,0.1617161716171617,,0.1025641025641025,0.1514195583596214,0.0009781579412896924,0.0009781579412896924,0.010590769687901291,0.009612611746611599,,,-0.048561299365157906,0.0002941564303609867,False,False,False,False,False,True,False,0.1098130841121495,0.2422680412371134,0.1108490566037735,0.2422680412371134
expanded::SODB_MARSHALL2022HIGH_MOUSE_EXPANDED::DCT,expanded,SODB_MARSHALL2022HIGH_MOUSE_EXPANDED,DCT,807,501-1000,0.6178967994774658,0.6206030150753769,0.5996156310057655,0.5984455958549223,0.6194690265486725,,0.4486301369863013,0.605245460659045,0.002706215597911066,0.002706215597911066,0.0015722270712067443,-0.0011339885267043215,,,-0.1692666624911645,-0.012651338818420732,False,False,False,False,False,False,False,0.6533149171270718,0.5861214374225526,0.6292993630573248,0.6121437422552665
expanded::SODB_MARSHALL2022HIGH_MOUSE_EXPANDED::EC,expanded,SODB_MARSHALL2022HIGH_MOUSE_EXPANDED,EC,1000,501-1000,0.1312607944732297,0.1269296740994854,0.128397917871602,0.1256605989430416,0.1255813953488372,,0.0421792618629174,0.1179554390563564,-0.004331120373744279,-0.004331120373744279,-0.005679399124392498,-0.005679399124392498,,,-0.08908153261031229,-0.01330535541687329,False,False,False,False,False,False,False,0.1546811397557666,0.114,0.1481975967957276,0.111
expanded::SODB_MARSHALL2022HIGH_MOUSE_EXPANDED::Fibroblast,expanded,SODB_MARSHALL2022HIGH_MOUSE_EXPANDED,Fibroblast,508,501-1000,0.1462829736211031,0.1442786069651741,0.1472684085510688,0.1543859649122807,0.1647597254004576,,0.0610169491525423,0.1468110709987966,-0.0020043666559289852,-0.010107357947106599,0.01847675177935451,0.010373760488176897,,,-0.0852660244685608,0.0005280973776934927,False,True,False,False,False,True,False,0.1871165644171779,0.1200787401574803,0.1959459459459459,0.1141732283464567
expanded::SODB_MARSHALL2022HIGH_MOUSE_EXPANDED::GC,expanded,SODB_MARSHALL2022HIGH_MOUSE_EXPANDED,GC,25,1-25,0.0254777070063694,0.0253164556962025,0.0266666666666666,0.0259740259740259,0.0245398773006134,,0.0163432073544433,0.034816247582205,-0.00016125131016690025,-0.001350210970464099,-0.0009378297057559999,-0.0021267893660531986,,,-0.0091344996519261,0.0093385405758356,False,False,False,False,False,False,False,0.0138408304498269,0.16,0.0137457044673539,0.16
expanded::SODB_MARSHALL2022HIGH_MOUSE_EXPANDED::MC,expanded,SODB_MARSHALL2022HIGH_MOUSE_EXPANDED,MC,25,1-25,0.0164383561643835,0.0160857908847185,0.0157894736842105,0.0121212121212121,0.0148148148148148,,0.0131004366812227,0.0055401662049861,-0.0003525652796650021,-0.0003525652796650021,-0.0016235413495687013,-0.0016235413495687013,,,-0.0033379194831608013,-0.010898189959397401,False,False,False,False,False,False,False,0.0088235294117647,0.12,0.0086206896551724,0.12
expanded::SODB_MARSHALL2022HIGH_MOUSE_EXPANDED::Macrophage,expanded,SODB_MARSHALL2022HIGH_MOUSE_EXPANDED,Macrophage,1000,501-1000,0.0873533246414602,0.0822481151473612,0.0893929286190794,0.0755735492577597,0.0759144237405107,,0.069713400464756,0.0837404047452896,-0.005105209494098997,-0.007144813471718192,-0.011438900900949497,-0.013478504878568692,,,-0.017639924176704194,-0.003612919896170602,False,False,False,False,False,False,True,0.1254681647940075,0.067,0.130718954248366,0.06
expanded::SODB_MARSHALL2022HIGH_MOUSE_EXPANDED::Other_Immune,expanded,SODB_MARSHALL2022HIGH_MOUSE_EXPANDED,Other_Immune,1000,501-1000,0.1087216248506571,0.0925578486554096,0.1004286589099816,0.1063569682151589,0.1007556675062972,,0.0457746478873239,0.0966494845360824,-0.016163776195247503,-0.016163776195247503,-0.007965957344359897,-0.007965957344359897,,,-0.0629469769633332,-0.012072140314574709,False,False,False,False,True,False,False,0.1350148367952522,0.091,0.1235392320534223,0.074
expanded::SODB_MARSHALL2022HIGH_MOUSE_EXPANDED::PCT_1,expanded,SODB_MARSHALL2022HIGH_MOUSE_EXPANDED,PCT_1,1000,501-1000,0.3043071161048689,0.301125703564728,0.3014084507042254,0.3161320316132031,0.287494010541447,,0.1872509960159362,0.2716577540106952,-0.003181412540140871,-0.01500632804847507,-0.01681310556342186,-0.02863802107175606,,,-0.11705612008893268,-0.032649362094173684,False,False,False,False,False,False,True,0.2860915492957746,0.325,0.2835689045936396,0.321
expanded::SODB_MARSHALL2022HIGH_MOUSE_EXPANDED::PCT_2,expanded,SODB_MARSHALL2022HIGH_MOUSE_EXPANDED,PCT_2,1000,501-1000,0.2767772511848341,0.2777515351913084,0.2780395852968897,0.2831940575673166,0.2948837209302326,,0.2772218952324897,0.3457153365207796,0.000974284006474313,-0.005442522376008174,0.01810646974539848,0.011689663362915992,,,0.00044464404765559573,0.06893808533594553,False,True,False,False,False,True,False,0.263063063063063,0.292,0.2632050134288272,0.294
expanded::SODB_MARSHALL2022HIGH_MOUSE_EXPANDED::Podocyte,expanded,SODB_MARSHALL2022HIGH_MOUSE_EXPANDED,Podocyte,256,101-500,0.2019363762102351,0.2412868632707775,0.203576341127923,0.2155172413793103,0.2390745501285347,,0.1093394077448747,0.2090395480225988,0.039350487060542394,0.025769621891467198,0.0371381739182996,-0.0022123131422427944,,,-0.0925969684653604,0.0071031718123636955,True,False,False,True,False,True,False,0.1563169164882226,0.28515625,0.1836734693877551,0.3515625
expanded::SODB_MARSHALL2022HIGH_MOUSE_EXPANDED::TAL,expanded,SODB_MARSHALL2022HIGH_MOUSE_EXPANDED,TAL,1000,501-1000,0.4650092081031307,0.468952734012975,0.4658671586715866,0.4677935130196436,0.4651162790697674,,0.3802882380288238,0.484190655969797,0.003943525909844314,0.001159220993331378,0.00010707096663670201,-0.0038364549432076123,,,-0.0847209700743069,0.019181447866666312,False,False,False,False,False,False,False,0.4308873720136519,0.505,0.4369602763385147,0.506
expanded::SODB_MARSHALL2022HIGH_MOUSE_EXPANDED::vSMC,expanded,SODB_MARSHALL2022HIGH_MOUSE_EXPANDED,vSMC,858,501-1000,0.4439359267734554,0.4478041756659467,0.4291017074981439,0.448150833937636,0.4396423248882265,,0.2525918944392083,0.4393592677345538,0.0038682488924913216,-0.00034665827168928187,-0.00429360188522887,-0.008508509049409474,,,-0.19134403233424707,-0.004576659038901587,False,False,False,False,False,False,False,0.6423841059602649,0.3391608391608391,0.5856873822975518,0.3624708624708624
expanded::SODB_SEQFISH_VISP_EXPANDED::VISp_I,expanded,SODB_SEQFISH_VISP_EXPANDED,VISp_I,88,26-100,0.1503131524008351,0.1785714285714285,0.1913043478260869,0.1801801801801801,0.1551724137931034,,0.1012048192771084,0.152892561983471,0.0282582761705934,-0.012732919254658415,0.004859261392268305,-0.03613193403298351,,,-0.0491083331237267,0.0025794095826359165,False,False,False,True,False,False,False,0.0920716112531969,0.4090909090909091,0.1111111111111111,0.4545454545454545
expanded::SODB_SEQFISH_VISP_EXPANDED::VISp_II/III,expanded,SODB_SEQFISH_VISP_EXPANDED,VISp_II/III,483,101-500,0.5810185185185184,0.5975197294250282,0.5955056179775281,0.6398258977149074,0.5554259043173861,,0.5492537313432836,0.5955649419218585,0.0165012109065098,-0.04230616828987921,-0.025592614201132236,-0.08439999339752124,,,-0.03176478717523479,0.014546423403340114,False,False,False,True,False,False,True,0.6587926509186351,0.5196687370600414,0.655940594059406,0.5486542443064182
expanded::SODB_SEQFISH_VISP_EXPANDED::VISp_IV,expanded,SODB_SEQFISH_VISP_EXPANDED,VISp_IV,487,101-500,0.5509110396570204,0.5628356605800214,0.549618320610687,0.5892857142857144,0.5526590198123044,,0.3819628647214854,0.5162790697674418,0.011924620923001061,-0.026450053705692977,0.0017479801552839902,-0.03662669447341005,,,-0.168948174935535,-0.03463196988957862,False,False,False,True,False,False,False,0.5762331838565022,0.5277207392197125,0.5900900900900901,0.5379876796714579
expanded::SODB_SEQFISH_VISP_EXPANDED::VISp_V,expanded,SODB_SEQFISH_VISP_EXPANDED,VISp_V,568,501-1000,0.3809523809523809,0.3968432919954904,0.3896976483762598,0.3999999999999999,0.3923766816143497,,0.28719723183391,0.3398963730569948,0.015890911043109524,-0.003156708004509512,0.011424300661968811,-0.007623318385650224,,,-0.09375514911847088,-0.04105600789538605,False,False,False,True,False,True,False,0.5134328358208955,0.3028169014084507,0.5517241379310345,0.3098591549295774
expanded::SODB_SEQFISH_VISP_EXPANDED::VISp_VI,expanded,SODB_SEQFISH_VISP_EXPANDED,VISp_VI,465,101-500,0.6766467065868264,0.7001972386587771,0.6899302093718843,0.7212475633528266,0.6850937808489634,,0.4960718294051627,0.6191950464396284,0.02355053207195079,-0.021050324694049438,0.008447074262137089,-0.03615378250386314,,,-0.18057487718166365,-0.057451660147197936,False,False,False,True,False,False,False,0.6312849162011173,0.7290322580645161,0.6466302367941712,0.7634408602150538
expanded::SODB_SEQFISH_VISP_EXPANDED::VISp_wm,expanded,SODB_SEQFISH_VISP_EXPANDED,VISp_wm,186,101-500,0.4569420035149384,0.469964664310954,0.4707964601769912,0.4867724867724868,0.4591304347826087,,0.4295302013422818,0.4483985765124555,0.013022660796015606,-0.016807822461532784,0.0021884312676702655,-0.027642051989878125,,,-0.027411802172656596,-0.008543427002482895,False,False,False,True,False,False,False,0.3394255874673629,0.6989247311827957,0.35,0.7150537634408602
expanded::SODB_SEQFISH_VISP_EXPANDED::outside_VISp,expanded,SODB_SEQFISH_VISP_EXPANDED,outside_VISp,444,101-500,0.3988439306358382,0.4287729196050776,0.4425770308123249,0.4453900709219858,0.3665689149560117,,0.2687338501291989,0.3114503816793893,0.0299289889692394,-0.01661715131690822,-0.03227501567982649,-0.07882115596597411,,,-0.13011008050663925,-0.08739354895644885,False,False,False,True,False,False,True,0.5564516129032258,0.3108108108108108,0.5735849056603773,0.3423423423423423
expanded::SODB_SHI2022SPATIAL_EXPANDED::Astrocytes,expanded,SODB_SHI2022SPATIAL_EXPANDED,Astrocytes,1000,501-1000,0.7098943323727185,0.7135826771653543,0.7108317214700194,0.7184275184275184,0.7099609375,,0.7353919239904988,0.7335870599429116,0.0036883447926358004,-0.004844841262164112,6.660512728151602e-05,-0.008466580927518397,,,0.025497591617780313,0.02369272757019314,False,False,False,False,False,False,False,0.6829944547134935,0.739,0.7025193798449613,0.725
expanded::SODB_SHI2022SPATIAL_EXPANDED::Cholinergic and monoaminergic neurons,expanded,SODB_SHI2022SPATIAL_EXPANDED,Cholinergic and monoaminergic neurons,204,101-500,0.1830065359477124,0.1788079470198675,0.1847133757961783,0.2229508196721311,0.1578947368421052,,0.1333333333333333,0.169811320754717,-0.004198588927844915,-0.044142872652263604,-0.025111799105607208,-0.0650560828300259,,,-0.0496732026143791,-0.013195215192995408,False,False,False,False,False,False,True,0.2745098039215686,0.1372549019607843,0.2755102040816326,0.1323529411764706
expanded::SODB_SHI2022SPATIAL_EXPANDED::Di- and mesencephalon excitatory neurons,expanded,SODB_SHI2022SPATIAL_EXPANDED,Di- and mesencephalon excitatory neurons,29,26-100,0.0392156862745098,0.0306122448979591,0.0283018867924528,0.0404040404040404,0.0306122448979591,,0.0795454545454545,0.062111801242236,-0.008603441376550704,-0.0097917955060813,-0.008603441376550704,-0.0097917955060813,,,0.0403297682709447,0.0228961149677262,False,False,False,False,False,False,False,0.0228571428571428,0.1379310344827586,0.0179640718562874,0.1034482758620689
expanded::SODB_SHI2022SPATIAL_EXPANDED::Di- and mesencephalon inhibitory neurons,expanded,SODB_SHI2022SPATIAL_EXPANDED,Di- and mesencephalon inhibitory neurons,87,26-100,0.1904761904761904,0.1965811965811966,0.2008032128514056,0.1900826446280991,0.1983471074380165,,0.1616161616161616,0.2181818181818181,0.006105006105006194,-0.004222016270208989,0.007870916961826097,-0.002456105413389087,,,-0.028860028860028808,0.027705627705627678,False,False,False,False,False,False,False,0.1454545454545454,0.2758620689655172,0.1564625850340136,0.264367816091954
expanded::SODB_SHI2022SPATIAL_EXPANDED::Ependymal cells,expanded,SODB_SHI2022SPATIAL_EXPANDED,Ependymal cells,78,26-100,0.367816091954023,0.3565891472868217,0.3657587548638132,0.4048582995951417,0.3798449612403101,,0.2848484848484848,0.3897058823529412,-0.01122694466720131,-0.04826915230832002,0.012028869286287103,-0.025013338354831605,,,-0.08296760710553819,0.021889790398918196,False,False,False,False,True,True,False,0.2622950819672131,0.6153846153846154,0.2555555555555555,0.5897435897435898
expanded::SODB_SHI2022SPATIAL_EXPANDED::Glutamatergic neuroblasts,expanded,SODB_SHI2022SPATIAL_EXPANDED,Glutamatergic neuroblasts,1000,501-1000,0.7941176470588235,0.7963800904977377,0.7893145161290323,0.8026315789473685,0.7937625754527162,,0.7718951014349332,0.8054162487462387,0.002262443438914241,-0.006251488449630749,-0.0003550716061072601,-0.00886900349465225,,,-0.022222545623890255,0.011298601687415255,False,False,False,False,False,False,False,0.8055555555555556,0.783,0.8008088978766431,0.792
expanded::SODB_SHI2022SPATIAL_EXPANDED::Hindbrain neurons/Spinal cord neurons,expanded,SODB_SHI2022SPATIAL_EXPANDED,Hindbrain neurons/Spinal cord neurons,1000,501-1000,0.2204379562043795,0.2346125995655322,0.2256186317321688,0.2593659942363112,0.2336719883889695,,0.1733333333333333,0.2140221402214021,0.014174643361152706,-0.024753394670778972,0.013234032184589989,-0.02569400584734169,,,-0.04710462287104619,-0.006415815982977413,False,False,False,True,False,True,False,0.4081081081081081,0.151,0.4251968503937008,0.162
expanded::SODB_SHI2022SPATIAL_EXPANDED::Microglia,expanded,SODB_SHI2022SPATIAL_EXPANDED,Microglia,668,501-1000,0.7555831265508685,0.7540777917189461,0.7556109725685786,0.7705956907477819,0.7482908638906154,,0.7227665706051875,0.7477423239012644,-0.0015053348319223891,-0.016517899028835825,-0.007292262660253068,-0.022304826857166504,,,-0.032816555945681,-0.007840802649604073,False,False,False,False,False,False,False,0.6451271186440678,0.9116766467065868,0.6490280777537797,0.8997005988023952
expanded::SODB_SHI2022SPATIAL_EXPANDED::Non-glutamatergic neuroblasts,expanded,SODB_SHI2022SPATIAL_EXPANDED,Non-glutamatergic neuroblasts,1000,501-1000,0.574468085106383,0.5730407523510973,0.5717884130982368,0.5750962772785624,0.5714285714285714,,0.4773495605138607,0.5461638491547464,-0.0014273327552857262,-0.00205552492746508,-0.003039513677811634,-0.0036677058499909876,,,-0.09711852459252235,-0.02830423595163667,False,False,False,False,False,False,False,0.7675585284280937,0.459,0.7680672268907563,0.457
expanded::SODB_SHI2022SPATIAL_EXPANDED::Olfactory ensheathing cells,expanded,SODB_SHI2022SPATIAL_EXPANDED,Olfactory ensheathing cells,1000,501-1000,0.8801155512758787,0.8678187762727697,0.8725868725868726,0.879110251450677,0.8696060037523453,,0.8841584158415842,0.8926663428848957,-0.012296775003108995,-0.012296775003108995,-0.010509547523533391,-0.010509547523533391,,,0.004042864565705462,0.012550791609016954,False,False,False,False,True,False,True,0.8486536675951718,0.914,0.8141980718667835,0.929
expanded::SODB_SHI2022SPATIAL_EXPANDED::Olfactory inhibitory neurons,expanded,SODB_SHI2022SPATIAL_EXPANDED,Olfactory inhibitory neurons,1000,501-1000,0.600347021399653,0.6088474970896391,0.5886442641946698,0.6673740053050398,0.5976331360946745,,0.6346639717028802,0.6423592493297587,0.008500475689986131,-0.05852650821540062,-0.002713885304978514,-0.06974086921036526,,,0.034316950303227234,0.04201222793010573,False,False,False,False,False,False,False,0.7119341563786008,0.519,0.7284122562674095,0.523
expanded::SODB_SHI2022SPATIAL_EXPANDED::Oligodendrocyte precursor cells,expanded,SODB_SHI2022SPATIAL_EXPANDED,Oligodendrocyte precursor cells,240,101-500,0.6202185792349726,0.6267409470752089,0.6149659863945578,0.6183310533515732,0.615595075239398,,0.5179542981501631,0.5784313725490197,0.006522367840236298,0.006522367840236298,-0.0046235039955745405,-0.011145871835810839,,,-0.10226428108480945,-0.04178720668595293,False,False,False,False,False,False,False,0.4613821138211382,0.9458333333333332,0.4707112970711297,0.9375
expanded::SODB_SHI2022SPATIAL_EXPANDED::Oligodendrocytes,expanded,SODB_SHI2022SPATIAL_EXPANDED,Oligodendrocytes,1000,501-1000,0.6280193236714976,0.6535244922341698,0.6394721055788843,0.695752009184845,0.597758405977584,,0.6564792176039119,0.6638705811863391,0.025505168562672154,-0.04222751695067528,-0.03026091769391359,-0.09799360320726103,,,0.028459893932414326,0.03585125751484153,False,False,False,True,False,False,True,0.7926829268292683,0.52,0.8115727002967359,0.547
expanded::SODB_SHI2022SPATIAL_EXPANDED::Pericytes,expanded,SODB_SHI2022SPATIAL_EXPANDED,Pericytes,922,501-1000,0.7205882352941176,0.7194458189015338,0.7163886162904808,0.7206317867719646,0.7209876543209875,,0.7414852037967617,0.7398665982555156,-0.0011424163925838338,-0.001185967870430793,0.00039941902686990716,0.0003558675490229479,,,0.02089696850264411,0.019278362961397955,False,False,False,False,False,False,False,0.6574239713774598,0.797180043383948,0.6615104640582348,0.7885032537960954
expanded::SODB_SHI2022SPATIAL_EXPANDED::Perivascular macrophages,expanded,SODB_SHI2022SPATIAL_EXPANDED,Perivascular macrophages,169,101-500,0.4482758620689655,0.4373177842565597,0.4412607449856733,0.440251572327044,0.4406779661016949,,0.2252252252252252,0.4065573770491802,-0.01095807781240582,-0.01095807781240582,-0.007597895967270618,-0.007597895967270618,,,-0.22305063684374032,-0.04171848501978531,False,False,False,False,True,False,False,0.435754189944134,0.4615384615384615,0.4310344827586206,0.4437869822485207
expanded::SODB_SHI2022SPATIAL_EXPANDED::Telencephalon inhibitory interneurons,expanded,SODB_SHI2022SPATIAL_EXPANDED,Telencephalon inhibitory interneurons,312,101-500,0.545201668984701,0.5418994413407822,0.5329593267882188,0.5395095367847411,0.5497896213183731,,0.5485564304461942,0.5660377358490566,-0.0033022276439188536,-0.0033022276439188536,0.004587952333672041,0.004587952333672041,,,0.003354761461493161,0.020836066864355574,False,False,False,False,False,False,False,0.4815724815724815,0.6282051282051282,0.4801980198019802,0.6217948717948718
expanded::SODB_SHI2022SPATIAL_EXPANDED::Telencephalon projecting excitatory neurons,expanded,SODB_SHI2022SPATIAL_EXPANDED,Telencephalon projecting excitatory neurons,24,1-25,0.0186915887850467,0.0177514792899408,0.0248447204968944,0.027027027027027,0.0232558139534883,,0.051660516605166,0.0273972602739726,-0.0009401094951058987,-0.0092755477370862,0.004564225168441599,-0.003771213073538702,,,0.0329689278201193,0.008705671488925901,False,False,False,False,False,False,False,0.0101010101010101,0.125,0.0095541401273885,0.125
expanded::SODB_SHI2022SPATIAL_EXPANDED::Vascular and leptomeningeal cells,expanded,SODB_SHI2022SPATIAL_EXPANDED,Vascular and leptomeningeal cells,1000,501-1000,0.8248803827751197,0.8266791921089712,0.822572931611669,0.831084225221033,0.8202979515828679,,0.8364688856729379,0.8425120772946861,0.0017988093338515698,-0.004405033112061751,-0.004582431192251768,-0.01078627363816509,,,0.01158850289781821,0.017631694519566476,False,False,False,False,False,False,False,0.7908256880733945,0.862,0.7794508414526129,0.88
expanded::SODB_SHI2022SPATIAL_EXPANDED::Vascular endothelial cells,expanded,SODB_SHI2022SPATIAL_EXPANDED,Vascular endothelial cells,321,101-500,0.6225,0.6299615877080665,0.6176836861768368,0.6317135549872123,0.6185044359949303,,0.67621776504298,0.664872139973082,0.007461587708066486,-0.0017519672791457275,-0.003995564005069729,-0.013209118992281943,,,0.05371776504297998,0.04237213997308198,False,False,False,False,False,False,False,0.5198329853862212,0.7757009345794392,0.5347826086956522,0.7663551401869159
expanded::SODB_SHI2022SPATIAL_EXPANDED::Vascular smooth muscle cells,expanded,SODB_SHI2022SPATIAL_EXPANDED,Vascular smooth muscle cells,256,101-500,0.5232815964523282,0.591304347826087,0.5154185022026433,0.5688073394495412,0.5584415584415585,,0.6901960784313724,0.6380368098159509,0.0680227513737588,0.02249700837654578,0.035159961989230326,-0.03286278938452847,,,0.16691448197904424,0.11475521336362271,True,False,False,True,False,True,False,0.6051282051282051,0.4609375,0.6666666666666666,0.53125
expanded::SODB_SUN2021INTEGRATING_EXPANDED::VISp,expanded,SODB_SUN2021INTEGRATING_EXPANDED,VISp,250,101-500,0.0807017543859649,0.074074074074074,0.071301247771836,0.072289156626506,0.0721062618595825,,0.0581113801452784,0.0606060606060606,-0.006627680311890899,-0.006627680311890899,-0.008595492526382406,-0.008595492526382406,,,-0.022590374240686502,-0.0200956937799043,False,False,False,False,False,False,False,0.071875,0.092,0.0689655172413793,0.08
expanded::SODB_SUN2021INTEGRATING_EXPANDED::VISp_I,expanded,SODB_SUN2021INTEGRATING_EXPANDED,VISp_I,156,101-500,0.2063329928498468,0.2618796198521647,0.2159434914228052,0.2554973821989528,0.2471443406022845,,0.2043519394512772,0.2108374384236453,0.05554662700231788,0.006382237653211886,0.04081134775243769,-0.01473527924988019,,,-0.0019810533985696044,0.0045044455737985045,False,False,False,True,False,True,False,0.1227217496962333,0.6474358974358975,0.1567635903919089,0.7948717948717948
expanded::SODB_SUN2021INTEGRATING_EXPANDED::VISp_II/III,expanded,SODB_SUN2021INTEGRATING_EXPANDED,VISp_II/III,1000,501-1000,0.5650887573964497,0.5895153313550939,0.5658153241650296,0.5953671759487433,0.5824284304047385,,0.5599608418991678,0.5647058823529412,0.024426573958644227,-0.005851844593649402,0.01733967300828876,-0.01293874554400487,,,-0.005127915497281865,-0.00038287504350853485,False,False,False,True,False,True,False,0.5573929961089494,0.573,0.5831702544031311,0.596
expanded::SODB_SUN2021INTEGRATING_EXPANDED::VISp_IV,expanded,SODB_SUN2021INTEGRATING_EXPANDED,VISp_IV,1000,501-1000,0.5154091392136024,0.5309360126916974,0.5115034777956126,0.5278219395866455,0.5338938518129269,,0.5256341068537507,0.5185185185185185,0.015526873478095005,0.003114073105051962,0.018484712599324493,0.0029578391212294886,,,0.010224967640148241,0.00310937930491606,False,False,False,True,False,True,False,0.5498866213151927,0.485,0.5634118967452301,0.502
expanded::SODB_SUN2021INTEGRATING_EXPANDED::VISp_V,expanded,SODB_SUN2021INTEGRATING_EXPANDED,VISp_V,1000,501-1000,0.3619361936193619,0.3779614325068871,0.3552123552123552,0.3712707182320442,0.3735408560311284,,0.3629169022046353,0.3675496688741722,0.01602523888752516,0.006690714274842857,0.011604662411766498,-0.004420576475758664,,,0.0009807085852733821,0.005613475254810263,False,False,False,True,False,True,False,0.402200488997555,0.329,0.4208588957055215,0.343
expanded::SODB_SUN2021INTEGRATING_EXPANDED::VISp_VI,expanded,SODB_SUN2021INTEGRATING_EXPANDED,VISp_VI,1000,501-1000,0.5703771849126036,0.5932749884845693,0.5648784961027052,0.5944215820759031,0.5867276887871855,,0.5625274243089075,0.5682226211849193,0.02289780357196569,-0.0011465935913338443,0.016350503874581923,-0.007693893288717613,,,-0.007849760603696132,-0.0021545637276843,False,False,False,True,False,True,False,0.5281090289608177,0.62,0.5499573014517506,0.644
expanded::SODB_SUN2021INTEGRATING_EXPANDED::VISp_wm,expanded,SODB_SUN2021INTEGRATING_EXPANDED,VISp_wm,425,101-500,0.2581369248035914,0.2608695652173913,0.249716231555051,0.4007936507936508,0.2728272827282728,,0.2789743589743589,0.273015873015873,0.0027326404137998916,-0.13992408557625952,0.014690357924681374,-0.12796636806537803,,,0.0208374341707675,0.014878948212281584,False,False,False,False,False,True,False,0.2467811158798283,0.2705882352941176,0.2478813559322034,0.2752941176470588
expanded::SODB_SUN2021INTEGRATING_EXPANDED::outside_VISp,expanded,SODB_SUN2021INTEGRATING_EXPANDED,outside_VISp,1000,501-1000,0.103030303030303,0.1232777374909354,0.106766917293233,0.108695652173913,0.1125925925925925,,0.0879811468970934,0.0901898734177215,0.020247434460632402,0.014582085317022403,0.009562289562289494,-0.010685144898342908,,,-0.015049156133209604,-0.0128404296125815,True,False,False,True,False,False,False,0.2125,0.068,0.2242744063324538,0.085
expanded::SODB_WANG2018THREE_1K_EXPANDED::Astro,expanded,SODB_WANG2018THREE_1K_EXPANDED,Astro,128,101-500,0.6557377049180328,0.6523605150214591,0.6443514644351465,0.6582278481012658,0.641025641025641,,0.6172839506172839,0.6666666666666667,-0.0033771898965737623,-0.005867333079806691,-0.01471206389239188,-0.01720220707562481,,,-0.03845375430074893,0.010928961748633892,False,False,False,False,False,False,True,0.6896551724137931,0.625,0.7238095238095238,0.59375
expanded::SODB_WANG2018THREE_1K_EXPANDED::Endo,expanded,SODB_WANG2018THREE_1K_EXPANDED,Endo,48,26-100,0.6391752577319587,0.6067415730337078,0.6170212765957447,0.6105263157894737,0.6516853932584269,,0.4791666666666667,0.5882352941176471,-0.03243368469825092,-0.03243368469825092,0.01251013552646818,0.01251013552646818,,,-0.16000859106529203,-0.050939963614311634,False,True,False,False,True,True,False,0.6326530612244898,0.6458333333333334,0.6585365853658537,0.5625
expanded::SODB_WANG2018THREE_1K_EXPANDED::HPC,expanded,SODB_WANG2018THREE_1K_EXPANDED,HPC,83,26-100,0.8829787234042553,0.8736842105263157,0.8736842105263157,0.8783068783068783,0.8877005347593583,,0.9192546583850932,0.9310344827586208,-0.009294512877939587,-0.009294512877939587,0.004721811355102967,0.004721811355102967,,,0.03627593498083792,0.04805575935436546,False,False,False,False,False,False,False,0.7904761904761904,1.0,0.7757009345794392,1.0
expanded::SODB_WANG2018THREE_1K_EXPANDED::Oligo,expanded,SODB_WANG2018THREE_1K_EXPANDED,Oligo,124,101-500,0.8444444444444444,0.8614232209737828,0.8712121212121211,0.8432835820895522,0.8351648351648351,,0.8156862745098039,0.823529411764706,0.016978776529338324,-0.009788900238338338,-0.009279609279609358,-0.03604728604728602,,,-0.02875816993464053,-0.020915032679738488,False,False,False,True,False,False,False,0.7808219178082192,0.9193548387096774,0.8041958041958042,0.9274193548387096
expanded::SODB_WANG2018THREE_1K_EXPANDED::PVALB,expanded,SODB_WANG2018THREE_1K_EXPANDED,PVALB,30,26-100,0.7792207792207793,0.7894736842105263,0.8,0.7692307692307693,0.759493670886076,,0.5411764705882354,0.8695652173913044,0.01025290498974707,-0.010526315789473717,-0.01972710833470326,-0.040506329113924044,,,-0.2380443086325439,0.09034443817052518,False,False,False,True,False,False,True,0.6382978723404256,1.0,0.6521739130434783,1.0
expanded::SODB_WANG2018THREE_1K_EXPANDED::Smc,expanded,SODB_WANG2018THREE_1K_EXPANDED,Smc,32,26-100,0.8358208955223881,0.7894736842105263,0.767123287671233,0.8333333333333334,0.8732394366197183,,0.5283018867924528,0.717948717948718,-0.04634721131186181,-0.04634721131186181,0.037418541097330116,0.037418541097330116,,,-0.3075190087299353,-0.11787217757367019,False,True,False,False,True,True,False,0.8,0.875,0.6818181818181818,0.9375
expanded::SODB_WANG2018THREE_1K_EXPANDED::eL2_3,expanded,SODB_WANG2018THREE_1K_EXPANDED,eL2_3,116,101-500,0.547486033519553,0.5464480874316939,0.5792349726775956,0.5869565217391304,0.5683060109289618,,0.7074235807860262,0.7047619047619048,-0.0010379460878591207,-0.04050843430743645,0.020819977409408774,-0.018650510810168552,,,0.15993754726647313,0.15727587124235176,False,False,False,False,False,True,False,0.7777777777777778,0.4224137931034483,0.746268656716418,0.4310344827586206
expanded::SODB_WANG2018THREE_1K_EXPANDED::eL4,expanded,SODB_WANG2018THREE_1K_EXPANDED,eL4,138,101-500,0.644927536231884,0.6397058823529411,0.6544117647058824,0.6666666666666666,0.6254545454545455,,0.6422764227642277,0.6746031746031745,-0.005221653878942911,-0.026960784313725505,-0.01947299077733855,-0.041212121212121144,,,-0.002651113467656341,0.029675638371290503,False,False,False,False,False,False,True,0.644927536231884,0.644927536231884,0.6492537313432836,0.6304347826086957
expanded::SODB_WANG2018THREE_1K_EXPANDED::eL5,expanded,SODB_WANG2018THREE_1K_EXPANDED,eL5,41,26-100,0.4324324324324324,0.4615384615384615,0.4324324324324324,0.4210526315789473,0.4273504273504273,,0.4220183486238533,0.4210526315789473,0.029106029106029108,0.029106029106029108,-0.0050820050820051255,-0.03418803418803423,,,-0.010414083808579111,-0.011379800853485111,True,False,False,True,False,False,False,0.3428571428571428,0.5853658536585366,0.3552631578947368,0.6585365853658537
expanded::SODB_WANG2018THREE_1K_EXPANDED::eL6,expanded,SODB_WANG2018THREE_1K_EXPANDED,eL6,132,101-500,0.7319148936170212,0.7634854771784233,0.757201646090535,0.7426160337552743,0.7457627118644068,,0.6728971962616822,0.7542372881355931,0.03157058356140208,0.006283831087888325,0.013847818247385568,-0.01772276531401651,,,-0.059017697355339016,0.022322394518571875,False,False,False,True,False,True,False,0.8349514563106796,0.6515151515151515,0.8440366972477065,0.696969696969697
expanded::SODB_WANG2021EASI_EXPANDED::Ex-1,expanded,SODB_WANG2021EASI_EXPANDED,Ex-1,1000,501-1000,0.5741857659831121,0.6229508196721312,0.5878003696857671,0.5813106796116505,0.6126533247256294,,0.771123872026251,0.8218243819266836,0.04876505368901907,0.035150449986364074,0.03846755874251728,-0.010297494946501784,,,0.19693810604313888,0.2476386159435715,True,False,False,True,False,True,False,0.4110535405872193,0.952,0.4634146341463415,0.95
expanded::SODB_WANG2021EASI_EXPANDED::Ex-10,expanded,SODB_WANG2021EASI_EXPANDED,Ex-10,1000,501-1000,0.074784276126558,0.1009345794392523,0.0900735294117647,0.1085972850678732,0.0995305164319248,,0.5731584258324924,0.5527027027027027,0.0261503033126943,-0.007662705628620897,0.024746240305366804,-0.009066768635948394,,,0.4983741497059344,0.4779184265761447,False,False,False,True,False,True,False,0.9069767441860463,0.039,0.7714285714285715,0.054
expanded::SODB_WANG2021EASI_EXPANDED::Ex-11,expanded,SODB_WANG2021EASI_EXPANDED,Ex-11,1000,501-1000,0.5349875930521091,0.560528992878942,0.5282258064516129,0.5216095380029806,0.5583501006036218,,0.2636600173460537,0.6251588310038119,0.0255413998268329,0.0255413998268329,0.0233625075515127,-0.002178892275320199,,,-0.27132757570605537,0.09017123795170279,True,False,False,True,False,True,False,0.5310344827586206,0.539,0.5703933747412008,0.551
expanded::SODB_WANG2021EASI_EXPANDED::Ex-12,expanded,SODB_WANG2021EASI_EXPANDED,Ex-12,1000,501-1000,0.5802901450725363,0.605250123823675,0.584,0.5958083832335329,0.592039800995025,,0.6916699565732333,0.6936619718309859,0.024959978751138756,0.009441740590142134,0.011749655922488667,-0.01321032282865009,,,0.11137981150069698,0.11337182675844959,False,False,False,True,False,True,False,0.5805805805805806,0.58,0.5996074582924436,0.611
expanded::SODB_WANG2021EASI_EXPANDED::Ex-13,expanded,SODB_WANG2021EASI_EXPANDED,Ex-13,1000,501-1000,0.454031117397454,0.5462445685909373,0.4686423156443832,0.4956110735989196,0.5244845360824743,,0.5775913720790893,0.6682054241200232,0.09221345119348329,0.05063349499201769,0.07045341868502025,-0.021760032508463034,,,0.12356025468163528,0.21417430672256915,True,False,False,True,False,True,False,0.7753623188405797,0.321,0.7201309328968903,0.44
expanded::SODB_WANG2021EASI_EXPANDED::Ex-14,expanded,SODB_WANG2021EASI_EXPANDED,Ex-14,1000,501-1000,0.8472505091649695,0.8375061364752087,0.822429906542056,0.8440555841482245,0.8402777777777777,,0.8163074039362699,0.8448030374940674,-0.009744372689760805,-0.009744372689760805,-0.006972731387191788,-0.006972731387191788,,,-0.030943105228699586,-0.0024474716709020905,False,False,False,False,False,False,False,0.8630705394190872,0.832,0.8225650916104147,0.853
expanded::SODB_WANG2021EASI_EXPANDED::Ex-15,expanded,SODB_WANG2021EASI_EXPANDED,Ex-15,1000,501-1000,0.6254728877679696,0.6857490864799025,0.6132190942472461,0.5961290322580645,0.6674937965260547,,0.6460118655240606,0.8264086511098463,0.060276198711932905,0.060276198711932905,0.04202090875808506,-0.018255289953847842,,,0.020538977756091037,0.20093576334187668,True,False,False,True,False,True,False,0.8464163822525598,0.496,0.8769470404984424,0.563
expanded::SODB_WANG2021EASI_EXPANDED::Ex-16,expanded,SODB_WANG2021EASI_EXPANDED,Ex-16,1000,501-1000,0.7537387836490528,0.7672064777327936,0.7554455445544556,0.7529880478087648,0.7646464646464646,,0.7926689576174112,0.8521916411824669,0.013467694083740822,0.01176093317833804,0.010907680997411795,-0.002560013086329027,,,0.038930173968358406,0.09845285753341415,True,False,False,True,False,True,False,0.7514910536779325,0.756,0.7766393442622951,0.758
expanded::SODB_WANG2021EASI_EXPANDED::Ex-17,expanded,SODB_WANG2021EASI_EXPANDED,Ex-17,1000,501-1000,0.7270207852193995,0.7624413145539906,0.7271036727103671,0.7269249163079867,0.7544186046511628,,0.6734434561626429,0.8350459707950244,0.035420529334591055,0.035337641843623424,0.027397819431763337,-0.008022709902827718,,,-0.053577329056756606,0.1080251855756249,True,False,False,True,False,True,False,0.6755364806866953,0.787,0.7185840707964601,0.812
expanded::SODB_WANG2021EASI_EXPANDED::Ex-18,expanded,SODB_WANG2021EASI_EXPANDED,Ex-18,1000,501-1000,0.3150492264416314,0.3328581610833927,0.3141624730409777,0.3090096798212956,0.3308431163287086,,0.5459249676584735,0.5316455696202532,0.01780893464176131,0.01780893464176131,0.015793889887077195,-0.0020150447546841144,,,0.23087574121684212,0.2165963431786218,True,False,False,True,False,True,False,0.2429501084598698,0.448,0.2585825027685492,0.467
expanded::SODB_WANG2021EASI_EXPANDED::Ex-19,expanded,SODB_WANG2021EASI_EXPANDED,Ex-19,1000,501-1000,0.1369102682701202,0.318936877076412,0.1437788018433179,0.1662149954832881,0.3057644110275689,,0.3712671509281678,0.372055239642567,0.1820266088062918,0.1527218815931239,0.1688541427574487,-0.01317246604884309,,,0.2343568826580476,0.23514497137244678,True,False,False,True,False,True,False,0.9135802469135802,0.074,0.9411764705882352,0.192
expanded::SODB_WANG2021EASI_EXPANDED::Ex-2,expanded,SODB_WANG2021EASI_EXPANDED,Ex-2,1000,501-1000,0.9039280643634642,0.9065908013276434,0.901500938086304,0.8974600188146754,0.9070986183897094,,0.671366230278617,0.773467804499612,0.00266273696417918,0.00266273696417918,0.0031705540262452203,0.0005078170620660405,,,-0.2325618340848472,-0.13046025986385212,False,False,False,False,False,False,False,0.8580413297394429,0.955,0.8620378719567178,0.956
expanded::SODB_WANG2021EASI_EXPANDED::Ex-20,expanded,SODB_WANG2021EASI_EXPANDED,Ex-20,1000,501-1000,0.6101694915254238,0.6838174273858921,0.6188620420888542,0.6213279678068411,0.671940049958368,,0.515857423519506,0.6741410488245931,0.07364793586046836,0.062489459579051054,0.06177055843294421,-0.01187737742752415,,,-0.09431206800591774,0.06397155729916937,True,False,False,True,False,True,False,0.5035783994795056,0.774,0.5843971631205673,0.824
expanded::SODB_WANG2021EASI_EXPANDED::Ex-21,expanded,SODB_WANG2021EASI_EXPANDED,Ex-21,1000,501-1000,0.5949168497019139,0.6229397914564413,0.5951690821256039,0.5989650711513584,0.6191909060514879,,0.409711684370258,0.6959247648902821,0.028022941754527353,0.023974720305082853,0.024274056349573914,-0.0037488854049534392,,,-0.18520516533165593,0.10100791518836816,True,False,False,True,False,True,False,0.4334705075445816,0.948,0.4693360364926507,0.926
expanded::SODB_WANG2021EASI_EXPANDED::Ex-22,expanded,SODB_WANG2021EASI_EXPANDED,Ex-22,1000,501-1000,0.3496608892238131,0.3727526967638834,0.3470149253731343,0.3444381705251271,0.3705179282868526,,0.5038814396612562,0.575809199318569,0.023091807540070286,0.023091807540070286,0.020857039063039484,-0.002234768477030802,,,0.1542205504374431,0.2261483100947559,True,False,False,True,False,True,False,0.2154131847725162,0.928,0.2329006490264603,0.933
expanded::SODB_WANG2021EASI_EXPANDED::Ex-23,expanded,SODB_WANG2021EASI_EXPANDED,Ex-23,1000,501-1000,0.4385926089842885,0.4313384113166484,0.4379982285208149,0.4567586366798052,0.4289428076256499,,0.5939505041246563,0.4638157894736842,-0.007254197667640072,-0.0254202253631568,-0.009649801358638577,-0.027815829054155305,,,0.15535789514036785,0.025223180489395702,False,False,False,False,False,False,False,0.2816140949133277,0.991,0.2756606397774687,0.991
expanded::SODB_WANG2021EASI_EXPANDED::Ex-24,expanded,SODB_WANG2021EASI_EXPANDED,Ex-24,1000,501-1000,0.4046069103655483,0.3507588532883642,0.3843813387423934,0.3946271421954608,0.3375068045726728,,0.0212150433944069,0.1214165261382799,-0.0538480570771841,-0.0538480570771841,-0.06710010579287551,-0.06710010579287551,,,-0.3833918669711414,-0.2831903842272684,False,False,False,False,True,False,True,0.4052156469408224,0.404,0.4005134788189987,0.312
expanded::SODB_WANG2021EASI_EXPANDED::Ex-25,expanded,SODB_WANG2021EASI_EXPANDED,Ex-25,1000,501-1000,0.0019960079840319,0.0059405940594059,0.0079129574678536,0.0396600566572237,0.009891196834817,,0.1066433566433566,0.0137931034482758,0.003944586075374,-0.0337194625978178,0.0078951888507851,-0.0297688598224067,,,0.1046473486593247,0.011797095464243899,False,False,False,False,False,False,False,0.5,0.001,0.3,0.003
expanded::SODB_WANG2021EASI_EXPANDED::Ex-3,expanded,SODB_WANG2021EASI_EXPANDED,Ex-3,1000,501-1000,0.2973584905660377,0.3224829674489023,0.2996138996138996,0.2637195121951219,0.3162719633307868,,0.4566088117489986,0.5694812570995835,0.02512447688286462,0.0228690678350027,0.018913472764749084,-0.006211004118115537,,,0.1592503211829609,0.27212276653354583,True,False,False,True,False,True,False,0.6061538461538462,0.197,0.6635514018691588,0.213
expanded::SODB_WANG2021EASI_EXPANDED::Ex-4,expanded,SODB_WANG2021EASI_EXPANDED,Ex-4,1000,501-1000,0.8157763354967549,0.8144094847241222,0.8044692737430168,0.7702147099132023,0.8063492063492065,,0.5426356589147286,0.654130288784419,-0.001366850772632655,-0.001366850772632655,-0.009427129147548396,-0.009427129147548396,,,-0.27314067658202623,-0.16164604671233584,False,False,False,False,False,False,False,0.8145563310069791,0.817,0.7485331098072087,0.893
expanded::SODB_WANG2021EASI_EXPANDED::Ex-5,expanded,SODB_WANG2021EASI_EXPANDED,Ex-5,1000,501-1000,0.2190560997328584,0.3233333333333333,0.1998199819981998,0.2408376963350785,0.3026204564666103,,0.109537299338999,0.0842105263157894,0.10427723360047492,0.0824956369982548,0.0835643567337519,-0.020712876866723018,,,-0.10951880039385939,-0.134845573417069,True,False,False,True,False,True,False,1.0,0.123,0.97,0.194
expanded::SODB_WANG2021EASI_EXPANDED::Ex-6,expanded,SODB_WANG2021EASI_EXPANDED,Ex-6,1000,501-1000,0.3659259259259259,0.4954486345903771,0.362286562731997,0.3072050673000791,0.4931327665140614,,0.6793378295524218,0.6949055523755008,0.1295227086644512,0.1295227086644512,0.12720684058813553,-0.0023158680763156747,,,0.31341190362649596,0.3289796264495749,True,False,False,True,False,True,False,0.7057142857142857,0.247,0.70817843866171,0.381
expanded::SODB_WANG2021EASI_EXPANDED::Ex-7,expanded,SODB_WANG2021EASI_EXPANDED,Ex-7,1000,501-1000,0.4163822525597269,0.4958677685950414,0.4179714091218516,0.3976759199483538,0.4817891373801916,,0.0292112950340798,0.2308340353833193,0.07948551603531451,0.07789635947318979,0.0654068848204647,-0.014078631214849813,,,-0.38717095752564706,-0.18554821717640757,True,False,False,True,False,True,False,0.6559139784946236,0.305,0.680628272251309,0.39
expanded::SODB_WANG2021EASI_EXPANDED::Ex-8,expanded,SODB_WANG2021EASI_EXPANDED,Ex-8,1000,501-1000,0.0676328502415459,0.1342031686859272,0.1037735849056603,0.1128880526810912,0.1324626865671641,,0.0908230842005676,0.2465034965034964,0.06657031844438129,0.021315116004835988,0.06482983632561819,-0.001740482118763098,,,0.0231902339590217,0.17887064626195048,True,False,False,True,False,True,False,1.0,0.035,0.9863013698630136,0.072
expanded::SODB_WANG2021EASI_EXPANDED::Ex-9,expanded,SODB_WANG2021EASI_EXPANDED,Ex-9,898,501-1000,0.3346938775510204,0.3679619349722442,0.3650668764752163,0.3284789644012945,0.3630522088353413,,0.4773186940190695,0.6086956521739131,0.033268057421223796,0.0028950584970279247,0.02835833128432086,-0.004909726136902937,,,0.1426248164680491,0.27400177462289266,False,False,False,True,False,True,False,0.6269113149847095,0.2282850779510022,0.6391184573002755,0.2583518930957684
expanded::SODB_WANG2021EASI_EXPANDED::Inh-1,expanded,SODB_WANG2021EASI_EXPANDED,Inh-1,627,501-1000,0.7450980392156863,0.7716923076923077,0.7402597402597402,0.7693251533742332,0.7627737226277372,,0.4478571428571429,0.5870786516853933,0.026594268476621385,0.002367154318074438,0.017675683412050947,-0.008918585064570439,,,-0.2972408963585434,-0.158019387530293,False,False,False,True,False,True,False,0.59375,1.0,0.6282565130260521,1.0
expanded::SODB_WANG2021EASI_EXPANDED::Inh-10,expanded,SODB_WANG2021EASI_EXPANDED,Inh-10,1000,501-1000,0.6948282668772207,0.7199354317998385,0.7093162734906038,0.6799083269671504,0.725050916496945,,0.7978191731031349,0.7660491167600173,0.025107164922617886,0.010619158309234766,0.030222649619724318,0.005115484697106432,,,0.10299090622591422,0.07122084988279664,True,False,False,True,False,True,False,0.5740378343118069,0.88,0.6035182679296346,0.892
expanded::SODB_WANG2021EASI_EXPANDED::Inh-11,expanded,SODB_WANG2021EASI_EXPANDED,Inh-11,1000,501-1000,0.6888242625675114,0.7202828104286345,0.6818936877076411,0.67779632721202,0.7151034786437694,,0.7077182623365669,0.6706067769897557,0.03145854786112312,0.03145854786112312,0.02627921607625805,-0.005179331784865071,,,0.01889399976905548,-0.01821748557775571,True,False,False,True,False,True,False,0.5891968727789624,0.829,0.6452889944576405,0.815
expanded::SODB_WANG2021EASI_EXPANDED::Inh-12,expanded,SODB_WANG2021EASI_EXPANDED,Inh-12,1000,501-1000,0.7833415964303423,0.8066759388038943,0.7709815078236131,0.7537275064267351,0.8063167673014399,,0.6962562717097647,0.8475356978350991,0.02333434237355203,0.02333434237355203,0.022975170871097572,-0.0003591715024544584,,,-0.08708532472057762,0.06419410140475679,True,False,False,True,False,True,False,0.7767944936086529,0.79,0.7519446845289542,0.87
expanded::SODB_WANG2021EASI_EXPANDED::Inh-13,expanded,SODB_WANG2021EASI_EXPANDED,Inh-13,1000,501-1000,0.6106870229007633,0.6206355433503336,0.599845797995374,0.5728325728325728,0.6251980982567352,,0.7268262737875998,0.7931873479318735,0.009948520449570286,0.009948520449570286,0.014511075355971959,0.004562554906401672,,,0.11613925088683652,0.18250032503111024,False,False,False,False,False,True,False,0.4938271604938271,0.8,0.5106520335700452,0.791
expanded::SODB_WANG2021EASI_EXPANDED::Inh-14,expanded,SODB_WANG2021EASI_EXPANDED,Inh-14,1000,501-1000,0.6763901549680947,0.6853883282141289,0.6560986349625716,0.6600181323662738,0.6810193321616872,,0.7292351008916002,0.699046754425783,0.008998173246034136,0.008998173246034136,0.00462917719359246,-0.004368996052441676,,,0.052844945923505415,0.022656599457688276,False,False,False,False,False,False,False,0.6214405360134003,0.742,0.6106333072713057,0.781
expanded::SODB_WANG2021EASI_EXPANDED::Inh-15,expanded,SODB_WANG2021EASI_EXPANDED,Inh-15,1000,501-1000,0.1625570776255707,0.1773755656108597,0.1752484191508582,0.0832544938505203,0.1740707162284678,,0.0949667616334283,0.1040681173131504,0.014818487985289008,0.0021271464600015055,0.011513638602897086,-0.0033048493823919223,,,-0.0675903159921424,-0.058488960312420304,False,False,False,True,False,True,False,0.936842105263158,0.089,0.9333333333333332,0.098
expanded::SODB_WANG2021EASI_EXPANDED::Inh-16,expanded,SODB_WANG2021EASI_EXPANDED,Inh-16,1000,501-1000,0.4976803036693377,0.4814502529510961,0.4646727351538795,0.4964539007092198,0.4919695688926457,,0.5680100755667508,0.6062866275972295,-0.016230050718241573,-0.016230050718241573,-0.005710734776691984,-0.005710734776691984,,,0.07032977189741307,0.10860632392789182,False,False,False,False,True,False,False,0.4303428154631655,0.59,0.4161807580174927,0.571
expanded::SODB_WANG2021EASI_EXPANDED::Inh-17,expanded,SODB_WANG2021EASI_EXPANDED,Inh-17,1000,501-1000,0.0484966052376333,0.0463768115942029,0.0428015564202334,0.0836501901140684,0.0576368876080691,,0.1114258734655335,0.0986717267552182,-0.002119793643430401,-0.03727337851986551,0.0091402823704358,-0.026013302505999307,,,0.0629292682279002,0.050175121517584895,False,False,False,False,False,False,False,0.8064516129032258,0.025,0.6857142857142857,0.024
expanded::SODB_WANG2021EASI_EXPANDED::Inh-18,expanded,SODB_WANG2021EASI_EXPANDED,Inh-18,1000,501-1000,0.685456595264938,0.6713780918727915,0.6776203966005665,0.6700564971751412,0.6779859484777517,,0.7000562746201463,0.7140495867768595,-0.014078503392146446,-0.014078503392146446,-0.00747064678718623,-0.00747064678718623,,,0.01459967935520834,0.028592991511921517,False,False,False,False,True,False,False,0.7855297157622739,0.608,0.8166189111747851,0.57
expanded::SODB_WANG2021EASI_EXPANDED::Inh-19,expanded,SODB_WANG2021EASI_EXPANDED,Inh-19,1000,501-1000,0.383039737812372,0.3926329007953119,0.3889474794347184,0.3706030150753769,0.3903966597077244,,0.3838973162193699,0.5331010452961673,0.009593162982939885,0.003685421360593466,0.00735692189535242,-0.002236241087587465,,,0.0008575784069979053,0.15006130748379531,False,False,False,False,False,False,False,0.2408552292632663,0.935,0.2482795129698253,0.938
expanded::SODB_WANG2021EASI_EXPANDED::Inh-2,expanded,SODB_WANG2021EASI_EXPANDED,Inh-2,1000,501-1000,0.0217606330365974,0.0550807217473884,0.021505376344086,0.0155339805825242,0.0514285714285714,,0.4072916666666666,0.4444444444444444,0.033320088710791,0.033320088710791,0.029667938391974,-0.0036521503188170004,,,0.3855310336300692,0.422683811407847,True,False,False,True,False,True,False,1.0,0.011,0.5471698113207547,0.029
expanded::SODB_WANG2021EASI_EXPANDED::Inh-20,expanded,SODB_WANG2021EASI_EXPANDED,Inh-20,1000,501-1000,0.1668129938542581,0.2722772277227723,0.2526661197703035,0.2077702702702702,0.2535211267605634,,0.4311206281227694,0.3961566888396157,0.1054642338685142,0.019611107952468787,0.08670813290630527,-0.01875610096220892,,,0.26430763426851134,0.2293436949853576,True,False,False,True,False,True,False,0.6834532374100719,0.095,0.7783018867924528,0.165
expanded::SODB_WANG2021EASI_EXPANDED::Inh-21,expanded,SODB_WANG2021EASI_EXPANDED,Inh-21,1000,501-1000,0.3513295729250604,0.4021488871834229,0.3601593625498008,0.375,0.3828793774319066,,0.3855232100708103,0.4311008468052348,0.0508193142583625,0.0271488871834229,0.03154980450684619,-0.01926950975151631,,,0.03419363714574991,0.07977127388017441,True,False,False,True,False,True,False,0.9045643153526972,0.218,0.8646864686468647,0.262
expanded::SODB_WANG2021EASI_EXPANDED::Inh-22,expanded,SODB_WANG2021EASI_EXPANDED,Inh-22,1000,501-1000,0.6077694235588972,0.6236297198538366,0.6059082338152106,0.5448717948717948,0.6201923076923077,,0.5293466223698783,0.6228739002932552,0.015860296294939458,0.015860296294939458,0.012422884133410528,-0.00343741216152893,,,-0.0784228011890189,0.015104476734357997,True,False,False,True,False,True,False,0.8137583892617449,0.485,0.7975077881619937,0.512
expanded::SODB_WANG2021EASI_EXPANDED::Inh-23,expanded,SODB_WANG2021EASI_EXPANDED,Inh-23,1000,501-1000,0.0,0.0177514792899408,0.0099206349206349,0.0019920318725099,0.0138339920948616,,0.125552608311229,0.003988035892323,0.0177514792899408,0.007830844369305902,0.0138339920948616,-0.003917487195079202,,,0.125552608311229,0.003988035892323,False,False,False,True,False,True,False,0.0,0.0,0.6428571428571429,0.009
expanded::SODB_WANG2021EASI_EXPANDED::Inh-3,expanded,SODB_WANG2021EASI_EXPANDED,Inh-3,682,501-1000,0.6885411408379606,0.6762518591968271,0.7010841507485803,0.6699507389162562,0.6712598425196851,,0.4731182795698924,0.5562805872756933,-0.01228928164113352,-0.02483229155175326,-0.017281298318275518,-0.029824308228895258,,,-0.2154228612680682,-0.1322605535622673,False,False,False,False,True,False,True,0.5250192455735181,1.0,0.5108614232209738,1.0
expanded::SODB_WANG2021EASI_EXPANDED::Inh-4,expanded,SODB_WANG2021EASI_EXPANDED,Inh-4,1000,501-1000,0.1914893617021276,0.2110817941952506,0.1912421805183199,0.2143474503025064,0.2147887323943662,,0.7270058708414873,0.6496018202502845,0.019592432493123008,-0.0032656561072557933,0.023299370692238586,0.00044128209185978484,,,0.5355165091393597,0.45811245854815685,False,False,False,True,False,True,False,0.84375,0.108,0.8759124087591241,0.12
expanded::SODB_WANG2021EASI_EXPANDED::Inh-5,expanded,SODB_WANG2021EASI_EXPANDED,Inh-5,1000,501-1000,0.0952380952380952,0.1360671015843429,0.0916030534351145,0.1219512195121951,0.1024667931688804,,0.1462962962962962,0.1447124304267161,0.0408290063462477,0.014115882072147798,0.007228697930785191,-0.03360030841546251,,,0.051058201058201,0.049474335188620905,True,False,False,True,False,False,False,1.0,0.05,1.0,0.073
expanded::SODB_WANG2021EASI_EXPANDED::Inh-6,expanded,SODB_WANG2021EASI_EXPANDED,Inh-6,1000,501-1000,0.3692307692307692,0.4739545121056493,0.390894819466248,0.2249346120313862,0.4862518089725036,,0.8197849462365591,0.82911051212938,0.10472374287488012,0.08305969263940133,0.11702103974173439,0.012297296866854268,,,0.45055417700578987,0.45987974289861083,True,True,False,True,False,True,False,0.9702127659574468,0.228,0.8898071625344353,0.323
expanded::SODB_WANG2021EASI_EXPANDED::Inh-7,expanded,SODB_WANG2021EASI_EXPANDED,Inh-7,513,501-1000,0.9164370982552802,0.9232192414431084,0.9164370982552802,0.8981064021641119,0.9240740740740742,,0.6697551290536068,0.8454469507101087,0.006782143187828216,0.006782143187828216,0.007636975818793967,0.0008548326309657517,,,-0.2466819692016734,-0.07099014754517152,False,False,False,False,False,False,False,0.8663194444444444,0.97270955165692,0.8785211267605634,0.97270955165692
expanded::SODB_WANG2021EASI_EXPANDED::Inh-8,expanded,SODB_WANG2021EASI_EXPANDED,Inh-8,1000,501-1000,0.6191117092866756,0.6645068394528437,0.6292365628209518,0.6262833675564682,0.6625899280575539,,0.5651289009497965,0.6136289533746332,0.04539513016616814,0.03527027663189197,0.04347821877087832,-0.001916911395289822,,,-0.05398280833687907,-0.005482755912042392,True,False,False,True,False,True,False,0.4665314401622718,0.92,0.5191226096737908,0.923
expanded::SODB_WANG2021EASI_EXPANDED::Inh-9,expanded,SODB_WANG2021EASI_EXPANDED,Inh-9,1000,501-1000,0.826455624646693,0.8539445628997868,0.8166948674562888,0.7407847800237812,0.8540772532188842,,0.8222789115646258,0.9274387313791446,0.027488938253093842,0.027488938253093842,0.027621628572191192,0.00013269031909735052,,,-0.0041767130820671294,0.10098310673245159,True,False,False,True,False,True,False,0.9505851755526658,0.731,0.9143835616438356,0.801
expanded::SODB_WANG2022HIGH_EXPANDED::CNS,expanded,SODB_WANG2022HIGH_EXPANDED,CNS,1000,501-1000,0.5781333333333334,0.5914732865623313,0.5872249060654857,0.5881081081081081,0.5748502994011976,,0.5816023738872403,0.5986673500768837,0.013339953228997947,0.003365178454223239,-0.0032830339321358037,-0.01662298716113375,,,0.0034690405539069546,0.020534016743550265,False,False,False,True,False,False,False,0.6194285714285714,0.542,0.6424384525205158,0.548
expanded::SODB_WANG2022HIGH_EXPANDED::carcass,expanded,SODB_WANG2022HIGH_EXPANDED,carcass,1000,501-1000,0.4690721649484535,0.4839319470699432,0.4789440603394092,0.4937027707808564,0.4760076775431862,,0.4246031746031746,0.4570312499999999,0.014859782121489695,-0.009770823710913201,0.0069355125947326846,-0.017695093237670212,,,-0.0444689903452789,-0.012040914948453607,False,False,False,True,False,False,False,0.6594202898550725,0.364,0.6541737649063032,0.384
expanded::SODB_WANG2022HIGH_EXPANDED::epidermis,expanded,SODB_WANG2022HIGH_EXPANDED,epidermis,1000,501-1000,0.3857677902621723,0.3825545171339564,0.3728813559322033,0.3982843137254901,0.3907035175879397,,0.3478260869565217,0.3829219479653102,-0.003213273128215899,-0.01572979659153373,0.004935727325767414,-0.007580796137550416,,,-0.03794170330565061,-0.002845842296862078,False,False,False,False,False,False,False,0.5132890365448505,0.309,0.5074380165289256,0.307
expanded::SODB_WANG2022HIGH_EXPANDED::fat body,expanded,SODB_WANG2022HIGH_EXPANDED,fat body,906,501-1000,0.6868347338935573,0.6913861950941245,0.6816901408450704,0.7010777084515031,0.6923076923076923,,0.6654888103651353,0.6862068965517242,0.004551461200567153,-0.009691513357378612,0.005472958414134976,-0.008770016143810788,,,-0.021345923528422017,-0.0006278373418331373,False,False,False,False,False,False,False,0.6973833902161547,0.6766004415011038,0.7154663518299882,0.6688741721854304
expanded::SODB_WANG2022HIGH_EXPANDED::foregut,expanded,SODB_WANG2022HIGH_EXPANDED,foregut,1000,501-1000,0.6568627450980393,0.6502705361534677,0.653940283896231,0.6514784294716433,0.6487016168544831,,0.6843919251600197,0.680157946692991,-0.006592208944571576,-0.006592208944571576,-0.008161128243556193,-0.008161128243556193,,,0.02752918006198035,0.023295201594951687,False,False,False,False,False,False,False,0.6442307692307693,0.67,0.6398838334946757,0.661
expanded::SODB_WANG2022HIGH_EXPANDED::hemolymph,expanded,SODB_WANG2022HIGH_EXPANDED,hemolymph,231,101-500,0.6006389776357828,0.5843373493975904,0.5887708649468891,0.5842026825633383,0.5920471281296024,,0.5478260869565218,0.5907692307692308,-0.016301628238192367,-0.016301628238192367,-0.008591849506180416,-0.008591849506180416,,,-0.05281289067926098,-0.009869746866551954,False,False,False,False,True,False,False,0.4759493670886076,0.8138528138528138,0.4480369515011547,0.8398268398268398
expanded::SODB_WANG2022HIGH_EXPANDED::midgut,expanded,SODB_WANG2022HIGH_EXPANDED,midgut,1000,501-1000,0.7302299495232752,0.747068676716918,0.7412823397075367,0.7411167512690355,0.7305524239007892,,0.7464387464387464,0.7510017172295363,0.016838727193642766,0.005786337009381359,0.00032247437751398156,-0.016516252816128785,,,0.01620879691547117,0.0207717677062611,False,False,False,True,False,False,False,0.8314176245210728,0.651,0.8457648546144121,0.669
expanded::SODB_WANG2022HIGH_EXPANDED::muscle,expanded,SODB_WANG2022HIGH_EXPANDED,muscle,882,501-1000,0.7299270072992701,0.7277227722772278,0.7225548902195608,0.7427993936331481,0.720314033366045,,0.7631452001929572,0.7616754935002408,-0.0022042350220422557,-0.01507662135592025,-0.009612973933225022,-0.022485360267103016,,,0.033218192893687104,0.031748486200970705,False,False,False,False,False,False,False,0.639386189258312,0.8503401360544217,0.6458699472759226,0.8333333333333334
expanded::SODB_WANG2022HIGH_EXPANDED::salivary gland,expanded,SODB_WANG2022HIGH_EXPANDED,salivary gland,1000,501-1000,0.7655913978494624,0.772302463891249,0.7710638297872341,0.7683083511777301,0.7704016913319239,,0.7933363349842414,0.7868995633187773,0.0067110660417866175,0.001238634104014924,0.004810293482461536,-0.0019007725593250813,,,0.02774493713477899,0.02130816546931491,False,False,False,False,False,False,False,0.6716981132075471,0.89,0.6713441654357459,0.909
expanded::SODB_WANG2022HIGH_EXPANDED::trachea,expanded,SODB_WANG2022HIGH_EXPANDED,trachea,570,501-1000,0.5993485342019543,0.608695652173913,0.6057818659658344,0.6141732283464567,0.6035502958579881,,0.5764241398759165,0.5968712394705175,0.00934711797195864,-0.005477576172543741,0.004201761656033809,-0.010622932488468573,,,-0.022924394326037878,-0.0024772947314368743,False,False,False,False,False,False,False,0.4766839378238341,0.8070175438596491,0.4873417721518987,0.8105263157894737
expanded::SODB_WEI2022SINGLE_EXPANDED::BKC,expanded,SODB_WEI2022SINGLE_EXPANDED,BKC,420,101-500,0.0,0.0,0.0,0.0,0.0,,0.0,0.0,0.0,0.0,0.0,0.0,,,0.0,0.0,False,False,False,False,False,False,False,0.0,0.0,0.0,0.0
expanded::SODB_WEI2022SINGLE_EXPANDED::CCND1RGC,expanded,SODB_WEI2022SINGLE_EXPANDED,CCND1RGC,704,501-1000,0.0,0.0,0.0,0.0,0.0,,0.0,0.0,0.0,0.0,0.0,0.0,,,0.0,0.0,False,False,False,False,False,False,False,0.0,0.0,0.0,0.0
expanded::SODB_WEI2022SINGLE_EXPANDED::CMPN,expanded,SODB_WEI2022SINGLE_EXPANDED,CMPN,1000,501-1000,0.0,0.0,0.0,0.0,0.0,,0.0,0.0,0.0,0.0,0.0,0.0,,,0.0,0.0,False,False,False,False,False,False,False,0.0,0.0,0.0,0.0
expanded::SODB_WEI2022SINGLE_EXPANDED::CP,expanded,SODB_WEI2022SINGLE_EXPANDED,CP,1000,501-1000,0.2349528643944888,0.2374154770848985,0.225071225071225,0.2822523164647185,0.2417582417582418,,0.0908311910882605,0.1800796812749004,0.0024626126904097045,-0.04483683937982,0.006805377363753001,-0.0404940747064767,,,-0.14412167330622827,-0.05487318311958839,False,False,False,False,False,False,False,0.4274406332453825,0.162,0.4773413897280967,0.158
expanded::SODB_WEI2022SINGLE_EXPANDED::DPEX,expanded,SODB_WEI2022SINGLE_EXPANDED,DPEX,497,101-500,0.0,0.0,0.0,0.0,0.0,,0.0,0.0,0.0,0.0,0.0,0.0,,,0.0,0.0,False,False,False,False,False,False,False,0.0,0.0,0.0,0.0
expanded::SODB_WEI2022SINGLE_EXPANDED::IMC,expanded,SODB_WEI2022SINGLE_EXPANDED,IMC,50,26-100,0.0,0.0,0.0,0.0,0.0,,0.0,0.0,0.0,0.0,0.0,0.0,,,0.0,0.0,False,False,False,False,False,False,False,0.0,0.0,0.0,0.0
expanded::SODB_WEI2022SINGLE_EXPANDED::Immature CMPN,expanded,SODB_WEI2022SINGLE_EXPANDED,Immature CMPN,272,101-500,0.0372398685651697,0.0348583877995642,0.0294117647058823,0.0697928026172301,0.0297482837528604,,0.0517529215358931,0.0244821092278719,-0.002381480765605501,-0.034934414817665904,-0.007491584812309299,-0.0400445188643697,,,0.014513052970723403,-0.012757759337297798,False,False,False,False,False,False,False,0.0265210608424337,0.0625,0.0247678018575851,0.0588235294117647
expanded::SODB_WEI2022SINGLE_EXPANDED::Immature DMIN,expanded,SODB_WEI2022SINGLE_EXPANDED,Immature DMIN,49,26-100,0.0,0.0,0.0,0.0,0.0,,0.0,0.0,0.0,0.0,0.0,0.0,,,0.0,0.0,False,False,False,False,False,False,False,0.0,0.0,0.0,0.0
expanded::SODB_WEI2022SINGLE_EXPANDED::Immature MSN,expanded,SODB_WEI2022SINGLE_EXPANDED,Immature MSN,497,101-500,0.2371134020618556,0.2393509127789046,0.2338049143708116,0.2278787878787879,0.2347222222222222,,0.2453333333333333,0.2346938775510204,0.0022375107170490016,0.0022375107170490016,-0.0023911798396334116,-0.004628690556682413,,,0.008219931271477687,-0.0024195245108352137,False,False,False,False,False,False,False,0.1869918699186991,0.323943661971831,0.180244399185336,0.3561368209255533
expanded::SODB_WEI2022SINGLE_EXPANDED::Immature cckIN,expanded,SODB_WEI2022SINGLE_EXPANDED,Immature cckIN,271,101-500,0.0,0.0,0.0,0.0,0.0,,0.0,0.0,0.0,0.0,0.0,0.0,,,0.0,0.0,False,False,False,False,False,False,False,0.0,0.0,0.0,0.0
expanded::SODB_WEI2022SINGLE_EXPANDED::Immature dpEX,expanded,SODB_WEI2022SINGLE_EXPANDED,Immature dpEX,104,101-500,0.0,0.0,0.0,0.0,0.0,,0.0,0.0,0.0,0.0,0.0,0.0,,,0.0,0.0,False,False,False,False,False,False,False,0.0,0.0,0.0,0.0
expanded::SODB_WEI2022SINGLE_EXPANDED::Immature mpEX,expanded,SODB_WEI2022SINGLE_EXPANDED,Immature mpEX,154,101-500,0.0,0.0,0.0,0.0,0.0,,0.0,0.0,0.0,0.0,0.0,0.0,,,0.0,0.0,False,False,False,False,False,False,False,0.0,0.0,0.0,0.0
expanded::SODB_WEI2022SINGLE_EXPANDED::Immature nptxEX,expanded,SODB_WEI2022SINGLE_EXPANDED,Immature nptxEX,284,101-500,0.2205761316872428,0.1990131578947368,0.212096106048053,0.2106049290515309,0.1913477537437604,,0.1820373719107896,0.2045779685264663,-0.02156297379250599,-0.02156297379250599,-0.029228377943482403,-0.029228377943482403,,,-0.038538759776453185,-0.015998163160776513,False,False,False,False,True,False,True,0.1439312567132116,0.4718309859154929,0.1298283261802575,0.426056338028169
expanded::SODB_WEI2022SINGLE_EXPANDED::MPEX,expanded,SODB_WEI2022SINGLE_EXPANDED,MPEX,1000,501-1000,0.0,0.0,0.0,0.0,0.0,,0.0,0.0,0.0,0.0,0.0,0.0,,,0.0,0.0,False,False,False,False,False,False,False,0.0,0.0,0.0,0.0
expanded::SODB_WEI2022SINGLE_EXPANDED::MSN,expanded,SODB_WEI2022SINGLE_EXPANDED,MSN,574,501-1000,0.0,0.0,0.0,0.0,0.0,,0.0,0.0,0.0,0.0,0.0,0.0,,,0.0,0.0,False,False,False,False,False,False,False,0.0,0.0,0.0,0.0
expanded::SODB_WEI2022SINGLE_EXPANDED::NBL,expanded,SODB_WEI2022SINGLE_EXPANDED,NBL,688,501-1000,0.0,0.0,0.0,0.0,0.0,,0.0,0.0,0.0,0.0,0.0,0.0,,,0.0,0.0,False,False,False,False,False,False,False,0.0,0.0,0.0,0.0
expanded::SODB_WEI2022SINGLE_EXPANDED::NPTXEX,expanded,SODB_WEI2022SINGLE_EXPANDED,NPTXEX,1000,501-1000,0.0,0.0,0.0,0.0,0.0,,0.0,0.0,0.0,0.0,0.0,0.0,,,0.0,0.0,False,False,False,False,False,False,False,0.0,0.0,0.0,0.0
expanded::SODB_WEI2022SINGLE_EXPANDED::SCGNIN,expanded,SODB_WEI2022SINGLE_EXPANDED,SCGNIN,350,101-500,0.0,0.0,0.0,0.0,0.0,,0.0,0.0,0.0,0.0,0.0,0.0,,,0.0,0.0,False,False,False,False,False,False,False,0.0,0.0,0.0,0.0
expanded::SODB_WEI2022SINGLE_EXPANDED::SFRP1RGC,expanded,SODB_WEI2022SINGLE_EXPANDED,SFRP1RGC,833,501-1000,0.0,0.0,0.0,0.0,0.0,,0.0,0.0,0.0,0.0,0.0,0.0,,,0.0,0.0,False,False,False,False,False,False,False,0.0,0.0,0.0,0.0
expanded::SODB_WEI2022SINGLE_EXPANDED::SSTIN,expanded,SODB_WEI2022SINGLE_EXPANDED,SSTIN,286,101-500,0.0,0.0,0.0,0.0,0.0,,0.0,0.0,0.0,0.0,0.0,0.0,,,0.0,0.0,False,False,False,False,False,False,False,0.0,0.0,0.0,0.0
expanded::SODB_WEI2022SINGLE_EXPANDED::StriatumIN,expanded,SODB_WEI2022SINGLE_EXPANDED,StriatumIN,797,501-1000,0.0,0.0,0.0,0.0,0.0,,0.0,0.0,0.0,0.0,0.0,0.0,,,0.0,0.0,False,False,False,False,False,False,False,0.0,0.0,0.0,0.0
expanded::SODB_WEI2022SINGLE_EXPANDED::VLMC,expanded,SODB_WEI2022SINGLE_EXPANDED,VLMC,1000,501-1000,0.6000805477245268,0.6205761316872427,0.5974969721437223,0.6292134831460674,0.6120760959470637,,0.538787023977433,0.6108979278587875,0.02049558396271589,-0.008637351458824716,0.0119955482225369,-0.017137387199003706,,,-0.06129352374709374,0.010817380134260701,False,False,False,True,False,True,False,0.50236008091706,0.745,0.5272727272727272,0.754
expanded::SODB_WEI2022SINGLE_EXPANDED::WNTRGC,expanded,SODB_WEI2022SINGLE_EXPANDED,WNTRGC,1000,501-1000,0.0,0.0,0.0,0.0,0.0,,0.0,0.0,0.0,0.0,0.0,0.0,,,0.0,0.0,False,False,False,False,False,False,False,0.0,0.0,0.0,0.0
expanded::SODB_WEI2022SINGLE_EXPANDED::dEGC,expanded,SODB_WEI2022SINGLE_EXPANDED,dEGC,901,501-1000,0.1712609970674486,0.1798882681564245,0.1610420367081113,0.1188475390156062,0.1743869209809264,,0.4303797468354431,0.3289166017147311,0.008627271088975902,0.008627271088975902,0.003125923913477796,-0.005501347175498106,,,0.25911874976799454,0.15765560464728248,False,False,False,False,False,False,False,0.181592039800995,0.1620421753607103,0.1811023622047244,0.1786903440621531
expanded::SODB_WEI2022SINGLE_EXPANDED::dNBL1,expanded,SODB_WEI2022SINGLE_EXPANDED,dNBL1,336,101-500,0.0572109654350417,0.0606826801517067,0.0495867768595041,0.0470852017937219,0.0574412532637075,,0.1088435374149659,0.0752136752136752,0.003471714716664999,0.003471714716664999,0.00023028782866579833,-0.0032414268879992006,,,0.0516325719799242,0.018002709778633497,False,False,False,False,False,False,False,0.0477137176938369,0.0714285714285714,0.0527472527472527,0.0714285714285714
expanded::SODB_WEI2022SINGLE_EXPANDED::dNBL2,expanded,SODB_WEI2022SINGLE_EXPANDED,dNBL2,265,101-500,0.1324041811846689,0.1575246132208157,0.1324041811846689,0.1534320323014804,0.145679012345679,,0.0437678401522359,0.1024033437826541,0.025120432036146806,0.004092580919335315,0.013274831161010109,-0.011845600875136697,,,-0.08863634103243301,-0.0300008374020148,False,False,False,True,False,True,False,0.0956375838926174,0.2150943396226415,0.1255605381165919,0.2113207547169811
expanded::SODB_WEI2022SINGLE_EXPANDED::dNBL3,expanded,SODB_WEI2022SINGLE_EXPANDED,dNBL3,69,26-100,0.0,0.0,0.0,0.0,0.0,,0.0,0.0,0.0,0.0,0.0,0.0,,,0.0,0.0,False,False,False,False,False,False,False,0.0,0.0,0.0,0.0
expanded::SODB_WEI2022SINGLE_EXPANDED::dNBL4,expanded,SODB_WEI2022SINGLE_EXPANDED,dNBL4,99,26-100,0.0,0.0,0.0,0.0,0.0,,0.0,0.0,0.0,0.0,0.0,0.0,,,0.0,0.0,False,False,False,False,False,False,False,0.0,0.0,0.0,0.0
expanded::SODB_WEI2022SINGLE_EXPANDED::dNBL5,expanded,SODB_WEI2022SINGLE_EXPANDED,dNBL5,71,26-100,0.0,0.0,0.0,0.0,0.0,,0.0,0.0,0.0,0.0,0.0,0.0,,,0.0,0.0,False,False,False,False,False,False,False,0.0,0.0,0.0,0.0
expanded::SODB_WEI2022SINGLE_EXPANDED::sfrpEGC,expanded,SODB_WEI2022SINGLE_EXPANDED,sfrpEGC,63,26-100,0.0,0.0,0.0,0.0,0.0,,0.0,0.0,0.0,0.0,0.0,0.0,,,0.0,0.0,False,False,False,False,False,False,False,0.0,0.0,0.0,0.0
expanded::SODB_WEI2022SINGLE_EXPANDED::wntEGC,expanded,SODB_WEI2022SINGLE_EXPANDED,wntEGC,76,26-100,0.0,0.0,0.0,0.0,0.0,,0.0,0.0,0.0,0.0,0.0,0.0,,,0.0,0.0,False,False,False,False,False,False,False,0.0,0.0,0.0,0.0
expanded::SODB_WU2022SPATIAL_EXPANDED::CMPN,expanded,SODB_WU2022SPATIAL_EXPANDED,CMPN,667,501-1000,0.5221799746514576,0.5396627108057463,0.5376756066411238,0.5317460317460317,0.5205655526992288,,0.4666073018699911,0.5470332850940667,0.017482736154288747,0.001987104164622555,-0.0016144219522288283,-0.019097158106517576,,,-0.05557267278146649,0.024853310442609078,False,False,False,True,False,False,False,0.4522502744237102,0.6176911544227887,0.4625267665952891,0.6476761619190404
expanded::SODB_WU2022SPATIAL_EXPANDED::MSN,expanded,SODB_WU2022SPATIAL_EXPANDED,MSN,628,501-1000,0.417233560090703,0.4871794871794871,0.4528301886792453,0.4439461883408071,0.4269911504424779,,0.4486187845303866,0.4588364434687156,0.06994592708878411,0.03434929850024182,0.00975759035177487,-0.06018833673700924,,,0.03138522443968361,0.0416028833780126,True,False,False,True,False,False,False,0.7244094488188977,0.2929936305732484,0.7402597402597403,0.3630573248407643
expanded::SODB_WU2022SPATIAL_EXPANDED::VLMC,expanded,SODB_WU2022SPATIAL_EXPANDED,VLMC,1000,501-1000,0.765470618824753,0.7637506547930853,0.7485317672183662,0.7833766233766234,0.7509176717357104,,0.6588832487309645,0.7416750756811301,-0.0017199640316676312,-0.019625968583538045,-0.014552947089042534,-0.03245895164091295,,,-0.10658737009378849,-0.023795543143622866,False,False,False,False,False,False,True,0.7973997833152763,0.736,0.801980198019802,0.729
expanded::SODB_WU2022SPATIAL_EXPANDED::WSN,expanded,SODB_WU2022SPATIAL_EXPANDED,WSN,118,101-500,0.3920792079207921,0.4118895966029724,0.3934426229508197,0.4192139737991266,0.4024390243902439,,0.2465753424657534,0.3940886699507389,0.019810388682180324,-0.007324377196154197,0.010359816469451832,-0.01677494940888269,,,-0.14550386545503868,0.0020094620299467847,False,False,False,True,False,True,False,0.2558139534883721,0.8389830508474576,0.2747875354107649,0.8220338983050848
expanded::SODB_WU2022SPATIAL_EXPANDED::cckIN,expanded,SODB_WU2022SPATIAL_EXPANDED,cckIN,536,501-1000,0.5388711395101172,0.5549389567147613,0.5330396475770925,0.5543933054393306,0.55863539445629,,0.589700996677741,0.6327474560592046,0.01606781720464412,0.0005456512754307141,0.019764254946172732,0.003696437741528613,,,0.05082985716762378,0.09387631654908735,False,False,False,True,False,True,False,0.6277915632754343,0.4720149253731343,0.684931506849315,0.4664179104477612
expanded::SODB_WU2022SPATIAL_EXPANDED::dpEX,expanded,SODB_WU2022SPATIAL_EXPANDED,dpEX,470,101-500,0.5099778270509978,0.5292307692307693,0.5266524520255863,0.5340206185567011,0.5005464480874317,,0.4807121661721068,0.5306122448979592,0.01925294217977147,-0.00478984932593185,-0.009431378963566162,-0.03347417046926948,,,-0.029265660878890987,0.020634417846961406,False,False,False,True,False,False,False,0.5324074074074074,0.4893617021276595,0.5108910891089109,0.548936170212766
expanded::SODB_WU2022SPATIAL_EXPANDED::mpEX,expanded,SODB_WU2022SPATIAL_EXPANDED,mpEX,894,501-1000,0.364106988783434,0.3306666666666666,0.3536585365853658,0.4291497975708501,0.3154121863799283,,0.2920353982300885,0.3756432246998285,-0.033440322116767396,-0.09848313090418348,-0.04869480240350571,-0.1137376111909218,,,-0.0720715905533455,0.011536235916394522,False,False,False,False,True,False,True,0.7962264150943397,0.2360178970917226,0.8051948051948052,0.2080536912751678
expanded::SODB_WU2022SPATIAL_EXPANDED::mpIN,expanded,SODB_WU2022SPATIAL_EXPANDED,mpIN,127,101-500,0.1825726141078838,0.2055335968379446,0.2108843537414965,0.2122448979591837,0.1520912547528517,,0.146551724137931,0.1991701244813278,0.02296098273006078,-0.006711301121239105,-0.0304813593550321,-0.060153643206331986,,,-0.03602088996995281,0.01659751037344398,False,False,False,True,False,False,True,0.1929824561403508,0.1732283464566929,0.2063492063492063,0.2047244094488189
expanded::SODB_WU2022SPATIAL_EXPANDED::nptxEX,expanded,SODB_WU2022SPATIAL_EXPANDED,nptxEX,366,101-500,0.6166666666666667,0.6341911764705883,0.6362790697674419,0.6472795497185742,0.6001796945193171,,0.534673366834171,0.6277939747327501,0.017524509803921617,-0.01308837324798584,-0.01648697214734962,-0.04709985519925708,,,-0.0819932998324957,0.011127308066083419,False,False,False,True,False,False,True,0.4663865546218487,0.9098360655737704,0.4778393351800554,0.9426229508196722
expanded::SODB_WU2022SPATIAL_EXPANDED::npyIN,expanded,SODB_WU2022SPATIAL_EXPANDED,npyIN,115,101-500,0.2801556420233463,0.2955854126679462,0.2954545454545454,0.3168316831683168,0.2894736842105263,,0.2352941176470588,0.2878504672897196,0.015429770644599883,-0.02124627050037059,0.00931804218718002,-0.027357998957790453,,,-0.044861524376287515,0.007694825266373273,False,False,False,True,False,False,False,0.1804511278195488,0.6260869565217392,0.1896551724137931,0.6695652173913044
expanded::SODB_WU2022SPATIAL_EXPANDED::obNBL,expanded,SODB_WU2022SPATIAL_EXPANDED,obNBL,311,101-500,0.2324561403508771,0.2363636363636364,0.2477477477477477,0.2237762237762238,0.1963470319634703,,0.2570754716981132,0.2931354359925789,0.003907496012759276,-0.0113841113841113,-0.0361091083874068,-0.05140071578427738,,,0.024619331347236068,0.0606792956417018,False,False,False,False,False,False,True,0.3655172413793103,0.1704180064308681,0.4031007751937984,0.1672025723472668
expanded::SODB_WU2022SPATIAL_EXPANDED::reaEGC,expanded,SODB_WU2022SPATIAL_EXPANDED,reaEGC,492,101-500,0.6514657980456026,0.701098901098901,0.704741379310345,0.6949720670391062,0.6542669584245075,,0.6052173913043477,0.6614785992217899,0.04963310305329849,-0.0036424782114439225,0.0028011603789049877,-0.05047442088583742,,,-0.046248406741254855,0.010012801176187303,False,False,False,True,False,False,False,0.6993006993006993,0.6097560975609756,0.7631578947368421,0.6483739837398373
expanded::SODB_WU2022SPATIAL_EXPANDED::scgnIN,expanded,SODB_WU2022SPATIAL_EXPANDED,scgnIN,1000,501-1000,0.635075720566683,0.6466830466830468,0.6387128230131642,0.6554863440344992,0.6305951795376291,,0.5843828715365238,0.6367583212735166,0.011607326116363725,-0.008803297351452466,-0.0044805410290539305,-0.024891164496870122,,,-0.05069284903015925,0.0016826007068335702,False,False,False,True,False,False,False,0.620821394460363,0.65,0.6357487922705314,0.658
expanded::SODB_WU2022SPATIAL_EXPANDED::sfrpEGC,expanded,SODB_WU2022SPATIAL_EXPANDED,sfrpEGC,424,101-500,0.618307426597582,0.5945121951219512,0.5857142857142857,0.5975395430579965,0.6095999999999999,,0.0229885057471264,0.4019024970273484,-0.023795231475630785,-0.023795231475630785,-0.008707426597582058,-0.008707426597582058,,,-0.5953189208504556,-0.21640492957023355,False,False,False,False,True,False,False,0.4877384196185286,0.8443396226415094,0.4391891891891892,0.9198113207547168
expanded::SODB_WU2022SPATIAL_EXPANDED::sstIN,expanded,SODB_WU2022SPATIAL_EXPANDED,sstIN,224,101-500,0.3341288782816229,0.3240506329113924,0.3222506393861892,0.3213429256594724,0.3228915662650602,,0.1982507288629737,0.3221153846153846,-0.010078245370230499,-0.010078245370230499,-0.011237312016562695,-0.011237312016562695,,,-0.1358781494186492,-0.012013493666238328,False,False,False,False,True,False,True,0.358974358974359,0.3125,0.3742690058479532,0.2857142857142857
expanded::SODB_WU2022SPATIAL_EXPANDED::tlNBL,expanded,SODB_WU2022SPATIAL_EXPANDED,tlNBL,380,101-500,0.1637426900584795,0.1081081081081081,0.150197628458498,0.199616122840691,0.1550387596899224,,0.0686274509803921,0.0941704035874439,-0.055634581950371395,-0.0915080147325829,-0.0087039303685571,-0.0445773631507686,,,-0.0951152390780874,-0.0695722864710356,False,False,False,False,True,False,False,0.3157894736842105,0.1105263157894736,0.2574257425742574,0.0684210526315789
expanded::SODB_WU2022SPATIAL_EXPANDED::wntEGC,expanded,SODB_WU2022SPATIAL_EXPANDED,wntEGC,350,101-500,0.6990692864529473,0.773207990599295,0.7381215469613259,0.6904512067156348,0.7516629711751661,,0.4464409122322045,0.5630743525480367,0.07413870414634771,0.03508644363796909,0.052593684722218814,-0.021545019424128897,,,-0.2526283742207428,-0.13599493390491058,True,False,False,True,False,True,False,0.5478119935170178,0.9657142857142856,0.656686626746507,0.94
expanded::SODB_ZENG2023INTEGRATIVE_EXPANDED::Astro,expanded,SODB_ZENG2023INTEGRATIVE_EXPANDED,Astro,1000,501-1000,0.8613963039014373,0.8608515057113187,0.8594871794871795,0.8501777552056882,0.8612836438923395,,0.8582010582010583,0.878772378516624,-0.000544798190118545,-0.000544798190118545,-0.00011266000909782026,-0.00011266000909782026,,,-0.0031952457003789903,0.017376074615186754,False,False,False,False,False,False,False,0.8850210970464135,0.839,0.8952483801295896,0.829
expanded::SODB_ZENG2023INTEGRATIVE_EXPANDED::CA1,expanded,SODB_ZENG2023INTEGRATIVE_EXPANDED,CA1,1000,501-1000,0.7378435517970402,0.8015992003998,0.718864950078823,0.7631004366812226,0.7941767068273092,,0.6888433981576254,0.7440904419321684,0.06375564860275984,0.03849876371857741,0.05633315503026903,-0.007422493572490807,,,-0.04900015363941479,0.006246890135128247,True,False,False,True,False,True,False,0.7825112107623319,0.698,0.8011988011988012,0.802
expanded::SODB_ZENG2023INTEGRATIVE_EXPANDED::CA2,expanded,SODB_ZENG2023INTEGRATIVE_EXPANDED,CA2,790,501-1000,0.5164585698070374,0.5344827586206897,0.515440763615946,0.5290023201856148,0.5224128389596014,,0.4637507489514679,0.5512449334105385,0.01802418881365231,0.005480438435074952,0.005954269152564029,-0.01206991966108828,,,-0.05270782085556952,0.03478636360350107,False,False,False,True,False,False,False,0.4681069958847736,0.5759493670886076,0.4894736842105263,0.5886075949367089
expanded::SODB_ZENG2023INTEGRATIVE_EXPANDED::CA3,expanded,SODB_ZENG2023INTEGRATIVE_EXPANDED,CA3,1000,501-1000,0.5191256830601093,0.6393244873341375,0.5156889495225102,0.6114249843063402,0.5877137428752375,,0.6131025957972807,0.6059016393442623,0.12019880427402818,0.027899503027797312,0.06858805981512817,-0.051610744458900015,,,0.09397691273717135,0.08677595628415302,True,False,False,True,False,True,False,0.8189655172413793,0.38,0.8054711246200608,0.53
expanded::SODB_ZENG2023INTEGRATIVE_EXPANDED::CTX-Ex,expanded,SODB_ZENG2023INTEGRATIVE_EXPANDED,CTX-Ex,1000,501-1000,0.6533555185801442,0.6833527357392316,0.6420993858179788,0.6505346088913899,0.6824754193175245,,0.6290424857324033,0.6864648772130212,0.02999721715908743,0.02999721715908743,0.029119900737380355,-0.000877316421707075,,,-0.02431303284774089,0.033109358632877006,True,False,False,True,False,True,False,0.7334993773349938,0.589,0.8175487465181058,0.587
expanded::SODB_ZENG2023INTEGRATIVE_EXPANDED::DG,expanded,SODB_ZENG2023INTEGRATIVE_EXPANDED,DG,1000,501-1000,0.8290293855743545,0.8834907782276202,0.8237905015534843,0.8531345900920647,0.8860294117647058,,0.7984395318595578,0.8432769367764915,0.05446139265326577,0.030356188135555517,0.05700002619035138,0.0025386335370856106,,,-0.03058985371479661,0.014247551202137054,True,False,False,True,False,True,False,0.7471910112359551,0.931,0.802943581357318,0.982
expanded::SODB_ZENG2023INTEGRATIVE_EXPANDED::Endo,expanded,SODB_ZENG2023INTEGRATIVE_EXPANDED,Endo,1000,501-1000,0.8528159015617606,0.8553639846743295,0.8522565320665083,0.8429517502365185,0.8563245823389022,,0.8428493746601413,0.8553639846743295,0.002548083112568933,0.002548083112568933,0.003508680777141615,0.0009605976645726821,,,-0.009966526901619255,0.002548083112568933,False,False,False,False,False,False,False,0.8095238095238095,0.901,0.8207720588235294,0.893
expanded::SODB_ZENG2023INTEGRATIVE_EXPANDED::Inh,expanded,SODB_ZENG2023INTEGRATIVE_EXPANDED,Inh,1000,501-1000,0.7806755023514322,0.7875054993400791,0.7810752688172043,0.7745516652433817,0.7807625649913346,,0.7142857142857143,0.8156474820143884,0.006829996988646836,0.006430230522874725,8.706263990232443e-05,-0.0067429343487445115,,,-0.06638978806571794,0.034971979662956176,False,False,False,False,False,False,False,0.6818521284540702,0.913,0.7030636292223095,0.895
expanded::SODB_ZENG2023INTEGRATIVE_EXPANDED::LHb,expanded,SODB_ZENG2023INTEGRATIVE_EXPANDED,LHb,46,26-100,0.1724137931034482,0.1860465116279069,0.1758241758241758,0.1830357142857142,0.184757505773672,,0.0530222693531283,0.1347517730496454,0.013632718524458687,0.0030107973421927003,0.0123437126702238,-0.001289005854234887,,,-0.1193915237503199,-0.037662020053802814,False,False,False,True,False,True,False,0.0956937799043062,0.8695652173913043,0.1041666666666666,0.8695652173913043
expanded::SODB_ZENG2023INTEGRATIVE_EXPANDED::Micro,expanded,SODB_ZENG2023INTEGRATIVE_EXPANDED,Micro,1000,501-1000,0.8950904392764858,0.8971279373368146,0.8934850051706308,0.8945720250521921,0.8999999999999999,,0.8796592119275825,0.8966942148760331,0.002037498060328824,0.002037498060328824,0.004909560723514117,0.002872062663185293,,,-0.015431227348903342,0.0016037755995472747,False,False,False,False,False,False,False,0.9262032085561496,0.866,0.9387978142076504,0.859
expanded::SODB_ZENG2023INTEGRATIVE_EXPANDED::OPC,expanded,SODB_ZENG2023INTEGRATIVE_EXPANDED,OPC,436,101-500,0.8048484848484848,0.8087697929354445,0.8009708737864079,0.8063725490196079,0.8019441069258808,,0.7601010101010102,0.7990430622009569,0.003921308086959674,0.002397243915836622,-0.0029043779226040067,-0.006825686009563681,,,-0.04474747474747465,-0.005805422647527925,False,False,False,False,False,False,False,0.8534704370179949,0.7614678899082569,0.8623376623376623,0.7614678899082569
expanded::SODB_ZENG2023INTEGRATIVE_EXPANDED::Oligo,expanded,SODB_ZENG2023INTEGRATIVE_EXPANDED,Oligo,1000,501-1000,0.888243831640058,0.8901846452866861,0.888888888888889,0.8801155512758787,0.8915896937287312,,0.8844580777096115,0.8906250000000001,0.0019408136466280146,0.0012957563977971098,0.003345862088673157,0.0014050484420451426,,,-0.003785753930446556,0.002381168359942065,False,False,False,False,False,False,False,0.8603561387066542,0.918,0.8657844990548205,0.916
expanded::SODB_ZENG2023INTEGRATIVE_EXPANDED::SMC,expanded,SODB_ZENG2023INTEGRATIVE_EXPANDED,SMC,927,501-1000,0.7454545454545455,0.751131221719457,0.7462686567164178,0.7236580516898607,0.7550096961861668,,0.7906388361796332,0.770618556701031,0.005676676264911529,0.004862565003039165,0.009555150731621276,0.003878474466709747,,,0.04518429072508767,0.025164011246485485,False,False,False,False,False,False,False,0.936378466557912,0.6192017259978425,0.9370967741935484,0.6267529665587918
expanded::SQUIDPY_MERFISH_EXPANDED::0,expanded,SQUIDPY_MERFISH_EXPANDED,0,9282,>1000,0.313982987613789,0.3162618796198521,0.305661939757789,0.3158547295551996,0.3196756295347845,,0.2743130227001195,0.3041947177628172,0.0022788920060630713,0.00040715006465247283,0.0056926419209955,0.003413749914932429,,,-0.03966996491366953,-0.009788269850971809,False,False,False,False,False,False,False,0.2916551150540615,0.3400129282482224,0.3101056119279354,0.3226675285498815
expanded::SQUIDPY_MERFISH_EXPANDED::1,expanded,SQUIDPY_MERFISH_EXPANDED,1,8393,>1000,0.8584817244611058,0.8336469017418219,0.8522182076645145,0.8476286579212916,0.8473205257836198,,0.7611018918021906,0.8371359223300969,-0.024834822719283944,-0.024834822719283944,-0.011161198677485995,-0.011161198677485995,,,-0.09737983265891526,-0.021345802131008895,False,False,False,False,True,False,True,0.8443369051734071,0.8731085428333135,0.8495794161306284,0.8183009650899559
expanded::SQUIDPY_MERFISH_EXPANDED::10,expanded,SQUIDPY_MERFISH_EXPANDED,10,91,26-100,0.0477611940298507,0.0499621498864496,0.0463808854532677,0.0477290223248652,0.0469750889679715,,0.0593325092707045,0.0512820512820512,0.0022009558565989004,0.0022009558565989004,-0.0007861050618791984,-0.002987060918478099,,,0.0115713152408538,0.003520857252200499,False,False,False,False,False,False,False,0.0256204963971176,0.3516483516483517,0.0268292682926829,0.3626373626373626
expanded::SQUIDPY_MERFISH_EXPANDED::11,expanded,SQUIDPY_MERFISH_EXPANDED,11,952,501-1000,0.2729627415819884,0.2444552371701473,0.2596275537877418,0.2507810872734847,0.2337334175615919,,0.0274193548387096,0.0911196911196911,-0.028507504411841106,-0.028507504411841106,-0.0392293240203965,-0.0392293240203965,,,-0.2455433867432788,-0.18184305046229732,False,False,False,False,True,False,True,0.1684288173100565,0.7195378151260504,0.1444976076555024,0.7930672268907563
expanded::SQUIDPY_MERFISH_EXPANDED::12,expanded,SQUIDPY_MERFISH_EXPANDED,12,5736,>1000,0.0006949270326615,0.0013826477704804,0.0017265193370165,0.0284360189573459,0.0006942034015966,,0.0155038759689922,0.0933165195460277,0.0006877207378189,-0.027053371186865502,-7.236310649000972e-07,-0.0277418155557493,,,0.0148089489363307,0.0926215925133662,False,False,False,False,False,False,False,0.1,0.0003486750348675,0.08,0.000697350069735
expanded::SQUIDPY_MERFISH_EXPANDED::13,expanded,SQUIDPY_MERFISH_EXPANDED,13,39,26-100,0.0757097791798107,0.0795454545454545,0.0676923076923077,0.0712166172106824,0.075880758807588,,0.0280542986425339,0.0460526315789473,0.0038356753656438036,0.0038356753656438036,0.00017097962777730402,-0.0036646957378664996,,,-0.0476554805372768,-0.029657147600863396,False,False,False,False,False,False,False,0.0431654676258992,0.3076923076923077,0.0447284345047923,0.358974358974359
expanded::SQUIDPY_MERFISH_EXPANDED::14,expanded,SQUIDPY_MERFISH_EXPANDED,14,367,101-500,0.4949053857350801,0.5026595744680852,0.461139896373057,0.2303370786516854,0.4628099173553719,,0.0956017908875428,0.1506129597197898,0.007754188733005096,0.007754188733005096,-0.03209546837970817,-0.039849657112713266,,,-0.3993035948475373,-0.3442924260152903,False,False,False,False,False,False,True,0.53125,0.4632152588555858,0.4909090909090909,0.5149863760217984
expanded::SQUIDPY_MERFISH_EXPANDED::15,expanded,SQUIDPY_MERFISH_EXPANDED,15,638,501-1000,0.655937846836848,0.496344435418359,0.6094552929085304,0.6075296544610624,0.5633672525439408,,0.5414612281488123,0.5903257650542941,-0.15959341141848898,-0.15959341141848898,-0.09257059429290715,-0.09257059429290715,,,-0.11447661868803571,-0.06561208178255384,False,False,False,False,True,False,True,0.5077319587628866,0.926332288401254,0.3349780701754385,0.957680250783699
expanded::SQUIDPY_MERFISH_EXPANDED::2,expanded,SQUIDPY_MERFISH_EXPANDED,2,3799,>1000,0.8940347344575887,0.892422105398128,0.8966129646073829,0.8941564203321081,0.8942222222222221,,0.8829945463559743,0.8886400398158517,-0.0016126290594606907,-0.004190859209254882,0.00018748776463339833,-0.0023907423851607934,,,-0.011040188101614445,-0.00539469464173703,False,False,False,False,False,False,False,0.8565227875572703,0.9349828902342722,0.87,0.916030534351145
expanded::SQUIDPY_MERFISH_EXPANDED::3,expanded,SQUIDPY_MERFISH_EXPANDED,3,581,501-1000,0.5307443365695793,0.4227979274611398,0.5025960539979232,0.4915422885572139,0.4792270531400966,,0.3867276887871854,0.483370288248337,-0.1079464091084395,-0.1079464091084395,-0.051517283429482696,-0.051517283429482696,,,-0.14401664778239393,-0.04737404832124231,False,False,False,False,True,False,True,0.7109826589595376,0.423407917383821,0.53125,0.3511187607573149
expanded::SQUIDPY_MERFISH_EXPANDED::4,expanded,SQUIDPY_MERFISH_EXPANDED,4,1369,>1000,0.7423182233039246,0.7168674698795181,0.7372881355932203,0.7345078979343864,0.7447672602311777,,0.7323408299018055,0.731110431324564,-0.025450753424406503,-0.025450753424406503,0.0024490369272530677,0.0024490369272530677,,,-0.009977393402119117,-0.011207791979360615,False,False,False,False,True,False,False,0.6360792492179353,0.8911614317019723,0.6099436186570989,0.8692476260043828
expanded::SQUIDPY_MERFISH_EXPANDED::5,expanded,SQUIDPY_MERFISH_EXPANDED,5,1961,>1000,0.8472406181015453,0.7451205510907004,0.8088421052631579,0.7972805933250927,0.7854251012145749,,0.5361842105263158,0.7127445602486744,-0.10212006701084486,-0.10212006701084486,-0.0618155168869704,-0.0618155168869704,,,-0.31105640757522945,-0.1344960578528709,False,False,False,False,True,False,True,0.746983261969638,0.9785823559408464,0.5963246554364472,0.9928607853136155
expanded::SQUIDPY_MERFISH_EXPANDED::6,expanded,SQUIDPY_MERFISH_EXPANDED,6,11757,>1000,0.76297817069594,0.7577435030635961,0.755733801228224,0.7460448935641514,0.7472933277381452,,0.7843269149920121,0.7824570147022177,-0.005234667632343926,-0.005234667632343926,-0.01568484295779482,-0.01568484295779482,,,0.021348744296072142,0.01947884400627775,False,False,False,False,False,False,True,0.7518579686209744,0.7744322531257974,0.7529392005374538,0.7626095092285446
expanded::SQUIDPY_MERFISH_EXPANDED::7,expanded,SQUIDPY_MERFISH_EXPANDED,7,24761,>1000,0.6353189246178176,0.6394065686351602,0.6352389976837228,0.6209131231574194,0.6292401986684983,,0.6737653848118074,0.6669579970181481,0.004087644017342629,0.004087644017342629,-0.006078725949319241,-0.01016636996666187,,,0.038446460193989784,0.03163907240033048,False,False,False,False,False,False,False,0.9144851657940664,0.4867331690965631,0.9109036594473487,0.4925891522959493
expanded::SQUIDPY_MERFISH_EXPANDED::8,expanded,SQUIDPY_MERFISH_EXPANDED,8,1472,>1000,0.6751592356687898,0.6751219512195121,0.6749999999999999,0.6811702925731433,0.6655298416565164,,0.58563261247825,0.6456298522414224,-3.728444927764141e-05,-0.0060483413536311925,-0.009629394012273362,-0.015640450916626913,,,-0.08952662319053972,-0.02952938342736733,False,False,False,False,False,False,False,0.5279693486590038,0.936141304347826,0.5266362252663622,0.9402173913043478
expanded::SQUIDPY_MERFISH_EXPANDED::9,expanded,SQUIDPY_MERFISH_EXPANDED,9,2457,>1000,0.3873367629600316,0.4133028687484133,0.3944547432900782,0.4001310830738981,0.4021712311867752,,0.535906150641377,0.4720293209876543,0.02596610578838171,0.013171785674515213,0.014834468226743613,-0.011131637561638097,,,0.14856938768134542,0.08469255802762271,True,False,False,True,False,True,False,0.2404205148359206,0.995929995929996,0.2608974358974359,0.993894993894994
expanded::SQUIDPY_SEQFISH_EXPANDED::0,expanded,SQUIDPY_SEQFISH_EXPANDED,0,77,26-100,0.0875,0.0906148867313915,0.1006711409395973,0.1023890784982935,0.087227414330218,,0.0320855614973262,0.0489795918367346,0.0031148867313915,-0.011774191766902004,-0.0002725856697819995,-0.015161664168075503,,,-0.055414438502673795,-0.03852040816326539,False,False,False,False,False,False,False,0.0576131687242798,0.1818181818181818,0.0603448275862069,0.1818181818181818
expanded::SQUIDPY_SEQFISH_EXPANDED::1,expanded,SQUIDPY_SEQFISH_EXPANDED,1,112,101-500,0.1926910299003322,0.1901639344262295,0.1949685534591195,0.1875,0.1964912280701754,,0.1640378548895899,0.1788079470198675,-0.0025270954741027085,-0.004804619032890006,0.0038001981698431997,0.001522674611055902,,,-0.0286531750107423,-0.01388308288046472,False,False,False,False,False,False,False,0.1534391534391534,0.2589285714285714,0.1502590673575129,0.2589285714285714
expanded::SQUIDPY_SEQFISH_EXPANDED::10,expanded,SQUIDPY_SEQFISH_EXPANDED,10,637,501-1000,0.3719135802469135,0.3611774065234685,0.3617854346123728,0.3775727466288148,0.3649962602842184,,0.0,0.0275229357798165,-0.010736173723444986,-0.016395340105346268,-0.006917319962695123,-0.012576486344596405,,,-0.3719135802469135,-0.344390644467097,False,False,False,False,True,False,False,0.3657056145675265,0.3783359497645212,0.3661290322580645,0.3563579277864992
expanded::SQUIDPY_SEQFISH_EXPANDED::11,expanded,SQUIDPY_SEQFISH_EXPANDED,11,623,501-1000,0.1517615176151761,0.1408450704225352,0.147329650092081,0.1618293755496921,0.1291547958214625,,0.0835820895522388,0.1254752851711026,-0.010916447192640899,-0.020984305127156905,-0.02260672179371359,-0.0326745797282296,,,-0.0681794280629373,-0.026286232444073493,False,False,False,False,True,False,True,0.1735537190082644,0.1348314606741573,0.169683257918552,0.1203852327447833
expanded::SQUIDPY_SEQFISH_EXPANDED::12,expanded,SQUIDPY_SEQFISH_EXPANDED,12,1243,>1000,0.7,0.721161825726141,0.7155351936693044,0.7087011349306432,0.7144046627810158,,0.5136017410228509,0.6458628841607565,0.021161825726141004,0.005626632056836556,0.01440466278101582,-0.0067571629451251836,,,-0.186398258977149,-0.05413711583924341,False,False,False,True,False,True,False,0.7394807520143241,0.6645213193885761,0.7446443873179092,0.6991150442477876
expanded::SQUIDPY_SEQFISH_EXPANDED::13,expanded,SQUIDPY_SEQFISH_EXPANDED,13,1645,>1000,0.4405594405594405,0.449412656309208,0.4087947882736157,0.4828349944629015,0.3584985238296078,,0.2522596548890715,0.3496225665474771,0.008853215749767496,-0.0334223381536935,-0.08206091672983273,-0.12433647063329373,,,-0.18829978567036904,-0.09093687401196343,False,False,False,False,False,False,True,0.6103336921420882,0.3446808510638298,0.596579476861167,0.3604863221884498
expanded::SQUIDPY_SEQFISH_EXPANDED::14,expanded,SQUIDPY_SEQFISH_EXPANDED,14,541,501-1000,0.6591304347826087,0.6451612903225806,0.6533101045296167,0.7038917089678511,0.6426735218508997,,0.5494791666666666,0.6686478454680534,-0.01396914446002806,-0.05873041864527051,-0.016456912931709033,-0.061218187116951484,,,-0.10965126811594206,0.00951741068544476,False,False,False,False,True,False,True,0.6223316912972086,0.7005545286506469,0.6105610561056105,0.6839186691312384
expanded::SQUIDPY_SEQFISH_EXPANDED::15,expanded,SQUIDPY_SEQFISH_EXPANDED,15,912,501-1000,0.7987742594484167,0.8184615384615385,0.8154241645244217,0.8012454592631033,0.7997962302598064,,0.5805219605346912,0.7782101167315175,0.019687279013121728,0.003037373937116783,0.0010219708113896608,-0.018665308201732067,,,-0.21825229891372555,-0.020564142716899214,False,False,False,True,False,False,False,0.7476099426386233,0.8574561403508771,0.7687861271676301,0.875
expanded::SQUIDPY_SEQFISH_EXPANDED::16,expanded,SQUIDPY_SEQFISH_EXPANDED,16,109,101-500,0.059299191374663,0.0586264656616415,0.0608695652173912,0.0629251700680272,0.065359477124183,,0.0572324578596628,0.0755447941888619,-0.000672725713021502,-0.004298704406385696,0.006060285749519993,0.002434307056155799,,,-0.0020667335150002034,0.016245602814198894,False,False,False,False,False,False,False,0.0328685258964143,0.3027522935779816,0.032258064516129,0.3211009174311927
expanded::SQUIDPY_SEQFISH_EXPANDED::17,expanded,SQUIDPY_SEQFISH_EXPANDED,17,458,101-500,0.2518248175182481,0.2651245551601423,0.2474747474747475,0.3684710351377018,0.2526501766784452,,0.5628415300546448,0.6700507614213199,0.013299737641894183,-0.10334647997755952,0.0008253591601971033,-0.1158208584592566,,,0.3110167125363967,0.41822594390307183,False,False,False,True,False,False,False,0.2163009404388714,0.3013100436681222,0.2237237237237237,0.3253275109170305
expanded::SQUIDPY_SEQFISH_EXPANDED::18,expanded,SQUIDPY_SEQFISH_EXPANDED,18,78,26-100,0.1818181818181818,0.1867704280155642,0.1854838709677419,0.192090395480226,0.1895551257253385,,0.0457317073170731,0.1463414634146341,0.0049522461973824095,-0.00531996746466179,0.007736943907156707,-0.0025352697548874925,,,-0.1360864745011087,-0.035476718403547686,False,False,False,False,False,False,False,0.1079136690647482,0.5769230769230769,0.110091743119266,0.6153846153846154
expanded::SQUIDPY_SEQFISH_EXPANDED::19,expanded,SQUIDPY_SEQFISH_EXPANDED,19,2620,>1000,0.4369332234130255,0.4397474608838869,0.4226057906458797,0.4274017467248908,0.4655172413793103,,0.1381892443839346,0.1939076318375368,0.0028142374708614026,0.0028142374708614026,0.02858401796628479,0.02576978049542339,,,-0.2987439790290909,-0.2430255915754887,False,True,False,False,False,True,False,0.7801766437684003,0.3034351145038167,0.782991202346041,0.3057251908396947
expanded::SQUIDPY_SEQFISH_EXPANDED::2,expanded,SQUIDPY_SEQFISH_EXPANDED,2,737,501-1000,0.8571428571428572,0.8563118091913904,0.8249158249158249,0.8710635769459298,0.8676122931442081,,0.7254707631318136,0.7831646244006394,-0.0008310479514668234,-0.014751767754539458,0.010469436001350862,-0.0034512838017217717,,,-0.13167209401104363,-0.07397823274221782,False,False,False,False,False,True,False,0.7538619979402678,0.9932157394843962,0.7494908350305499,0.9986431478968792
expanded::SQUIDPY_SEQFISH_EXPANDED::20,expanded,SQUIDPY_SEQFISH_EXPANDED,20,1138,>1000,0.7621671258034896,0.7698744769874477,0.7591377694470478,0.7752502274795269,0.7562557924003708,,0.2857142857142857,0.651305683563748,0.0077073511839581554,-0.005375750492079168,-0.005911333403118779,-0.018994435079156102,,,-0.47645284008920386,-0.11086144223974159,False,False,False,False,False,False,False,0.7980769230769231,0.7293497363796133,0.8173741362290227,0.7275922671353251
expanded::SQUIDPY_SEQFISH_EXPANDED::21,expanded,SQUIDPY_SEQFISH_EXPANDED,21,801,501-1000,0.787515006002401,0.8004881025015254,0.795593635250918,0.7948560930802204,0.7914110429447853,,0.5049279757391963,0.767123287671233,0.01297309649912437,0.004894467250607382,0.0038960369423842733,-0.009077059556740097,,,-0.28258703026320464,-0.02039171833116804,False,False,False,True,False,False,False,0.7583815028901734,0.818976279650437,0.7828162291169452,0.818976279650437
expanded::SQUIDPY_SEQFISH_EXPANDED::3,expanded,SQUIDPY_SEQFISH_EXPANDED,3,528,501-1000,0.7283950617283952,0.7365591397849464,0.7389340560072268,0.7316636851520572,0.726950354609929,,0.5229722064662508,0.6720707442888725,0.008164078056551172,-0.0023749162222804765,-0.0014447071184662263,-0.011983701397297875,,,-0.20542285526214443,-0.05632431743952271,False,False,False,False,False,False,False,0.6815181518151815,0.7821969696969697,0.6989795918367347,0.7784090909090909
expanded::SQUIDPY_SEQFISH_EXPANDED::4,expanded,SQUIDPY_SEQFISH_EXPANDED,4,213,101-500,0.3602941176470588,0.379746835443038,0.3818897637795275,0.3622920517560074,0.3546354635463546,,0.3053311793214863,0.3347940403155127,0.01945271779597918,-0.0021429283364894913,-0.005658654100704208,-0.02725430023317288,,,-0.05496293832557253,-0.025500077331546134,False,False,False,True,False,False,False,0.224,0.92018779342723,0.2395577395577395,0.9154929577464788
expanded::SQUIDPY_SEQFISH_EXPANDED::5,expanded,SQUIDPY_SEQFISH_EXPANDED,5,523,501-1000,0.4698247890979883,0.4722222222222222,0.4682230869001296,0.474350433044637,0.4702072538860103,,0.3387850467289719,0.5328185328185329,0.0023974331242339053,-0.0021282108224147667,0.0003824647880220078,-0.004143179158626664,,,-0.1310397423690164,0.06299374372054456,False,False,False,False,False,False,False,0.3555992141453831,0.6921606118546845,0.3609706774519717,0.6826003824091779
expanded::SQUIDPY_SEQFISH_EXPANDED::6,expanded,SQUIDPY_SEQFISH_EXPANDED,6,953,501-1000,0.6345205479452056,0.6492495831017232,0.6411698537682791,0.5940476190476189,0.6256983240223463,,0.7004830917874397,0.7701342281879195,0.014729035156517578,0.008079729333444141,-0.008822223922859362,-0.02355125907937694,,,0.0659625438422341,0.13561368024271392,False,False,False,True,False,False,False,0.6639908256880734,0.6075550891920252,0.6903073286052009,0.6128016789087093
expanded::SQUIDPY_SEQFISH_EXPANDED::7,expanded,SQUIDPY_SEQFISH_EXPANDED,7,300,101-500,0.4794816414686825,0.4246231155778894,0.5364238410596027,0.4666666666666667,0.4351145038167938,,0.3563501849568434,0.4095890410958904,-0.0548585258907931,-0.11180072548171333,-0.04436713765188871,-0.10130933724280894,,,-0.1231314565118391,-0.0698926003727921,False,False,False,False,True,False,True,0.3546325878594249,0.74,0.3407258064516129,0.5633333333333334
expanded::SQUIDPY_SEQFISH_EXPANDED::8,expanded,SQUIDPY_SEQFISH_EXPANDED,8,3704,>1000,0.8158253751705321,0.8384991843393149,0.8461199941323162,0.8196374622356495,0.8171912832929781,,0.4035721879651286,0.7527508090614887,0.02267380916878281,-0.007620809793001282,0.001365908122445969,-0.028928710839338123,,,-0.4122531872054035,-0.06307456610904338,False,False,False,True,False,False,False,0.9301762875907362,0.7265118790496761,0.9302402105955908,0.7632289416846653
expanded::SQUIDPY_SEQFISH_EXPANDED::9,expanded,SQUIDPY_SEQFISH_EXPANDED,9,1464,>1000,0.8347826086956522,0.846015146051208,0.8424483882651211,0.8466835810076115,0.8409742120343838,,0.7672917307101137,0.8289384719405003,0.011232537355555738,-0.000668434956403563,0.006191603338731588,-0.005709368973227713,,,-0.06749087798553854,-0.005844136755151941,False,False,False,True,False,False,False,0.8888888888888888,0.7868852459016393,0.8961038961038961,0.8012295081967213
expanded::SQUIDPY_SLIDESEQV2_EXPANDED::0,expanded,SQUIDPY_SLIDESEQV2_EXPANDED,0,1500,>1000,0.4347240915208613,0.4303625889528973,0.4270122783083219,0.4301964839710444,0.4259259259259259,,0.3185247275775356,0.4257461344839985,-0.004361502567963971,-0.004361502567963971,-0.008798165594935403,-0.008798165594935403,,,-0.1161993639433257,-0.008977957036862771,False,False,False,False,False,False,False,0.4388586956521739,0.4306666666666666,0.4376292212267402,0.4233333333333333
expanded::SQUIDPY_SLIDESEQV2_EXPANDED::1,expanded,SQUIDPY_SLIDESEQV2_EXPANDED,1,1500,>1000,0.3836317135549872,0.3917151162790697,0.3878521770947677,0.3899134362062477,0.3915343915343915,,0.3960049937578027,0.4290592983545482,0.008083402724082478,0.0018016800728219984,0.007902677979404304,-0.00018072474467817345,,,0.012373280202815473,0.045427584799560994,False,False,False,False,False,False,False,0.4244139046079224,0.35,0.4305111821086262,0.3593333333333333
expanded::SQUIDPY_SLIDESEQV2_EXPANDED::10,expanded,SQUIDPY_SLIDESEQV2_EXPANDED,10,1500,>1000,0.6631878557874763,0.6537473733364465,0.6515646893974779,0.6404545454545455,0.654223498444604,,0.5673841380647663,0.6158357771260997,-0.009440482451029797,-0.009440482451029797,-0.008964357342872264,-0.008964357342872264,,,-0.09580371772271001,-0.047352078661376584,False,False,False,False,False,False,False,0.5147275405007363,0.932,0.5030542579949695,0.9333333333333332
expanded::SQUIDPY_SLIDESEQV2_EXPANDED::11,expanded,SQUIDPY_SLIDESEQV2_EXPANDED,11,1449,>1000,0.3071925754060325,0.309231468849477,0.310376492194674,0.3129378794955628,0.305054945054945,,0.0905091137649277,0.1987852015461071,0.0020388934434444894,-0.0037064106460857893,-0.002137630351087494,-0.007882934440617773,,,-0.2166834616411048,-0.10840737385992541,False,False,False,False,False,False,False,0.4688385269121813,0.2284334023464458,0.4533333333333333,0.2346445824706694
expanded::SQUIDPY_SLIDESEQV2_EXPANDED::12,expanded,SQUIDPY_SLIDESEQV2_EXPANDED,12,1500,>1000,0.4629969418960244,0.4660252555622369,0.4680468046804681,0.4699357851722124,0.4675403840292594,,0.4808429118773946,0.4944693572496262,0.0030283136662124788,-0.0039105296099755105,0.004543442133234987,-0.002395401142953002,,,0.01784596998137017,0.03147241535360179,False,False,False,False,False,False,False,0.427683615819209,0.5046666666666667,0.4244249726177437,0.5166666666666667
expanded::SQUIDPY_SLIDESEQV2_EXPANDED::13,expanded,SQUIDPY_SLIDESEQV2_EXPANDED,13,1500,>1000,0.4087486554320546,0.4168151050944068,0.412981455064194,0.4277498202731848,0.4113924050632912,,0.4711141678129298,0.4722607489597781,0.008066449662352204,-0.010934715178778032,0.002643749631236647,-0.01635741520989359,,,0.06236551238087523,0.06351209352772352,False,False,False,False,False,False,False,0.4422032583397983,0.38,0.4475899005355777,0.39
expanded::SQUIDPY_SLIDESEQV2_EXPANDED::2,expanded,SQUIDPY_SLIDESEQV2_EXPANDED,2,1500,>1000,0.300599700149925,0.3028009084027252,0.2987551867219917,0.3161685271876125,0.2717010509926041,,0.206634416033172,0.2304625199362041,0.0022012082528002352,-0.013367618784887292,-0.028898649157320877,-0.044467476195008404,,,-0.09396528411675298,-0.0701371802137209,False,False,False,False,False,False,True,0.3433219178082192,0.2673333333333333,0.3502626970227671,0.2666666666666666
expanded::SQUIDPY_SLIDESEQV2_EXPANDED::3,expanded,SQUIDPY_SLIDESEQV2_EXPANDED,3,1500,>1000,0.3256902199344876,0.3173569101907864,0.3137254901960784,0.3054755043227665,0.3224907063197026,,0.141298104537622,0.2797825012357884,-0.008333309743701223,-0.008333309743701223,-0.003199513614784988,-0.003199513614784988,,,-0.1843921153968656,-0.045907718698699196,False,False,False,False,False,False,False,0.5463108320251178,0.232,0.5254237288135594,0.2273333333333333
expanded::SQUIDPY_SLIDESEQV2_EXPANDED::4,expanded,SQUIDPY_SLIDESEQV2_EXPANDED,4,1317,>1000,0.3941940412528648,0.4028379976350019,0.3902633679169992,0.4154518950437317,0.3882121807465619,,0.1139393939393939,0.2855769230769231,0.008643956382137108,-0.012613897408729813,-0.005981860506302894,-0.027239714297169815,,,-0.2802546473134709,-0.10861711817594166,False,False,False,False,False,False,False,0.3966179861644888,0.3917995444191344,0.4188524590163934,0.3880030372057707
expanded::SQUIDPY_SLIDESEQV2_EXPANDED::5,expanded,SQUIDPY_SLIDESEQV2_EXPANDED,5,813,501-1000,0.4888304862023653,0.5058164584230935,0.4797047970479705,0.506341005166745,0.5079365079365079,,0.3337762423598193,0.4256918346429792,0.01698597222072823,-0.0005245467436514328,0.01910602173414261,0.0015955027697629465,,,-0.155054243842546,-0.06313865155938608,False,False,False,True,False,True,False,0.3795918367346939,0.6863468634686347,0.3892572944297082,0.7220172201722017
expanded::SQUIDPY_SLIDESEQV2_EXPANDED::6,expanded,SQUIDPY_SLIDESEQV2_EXPANDED,6,1500,>1000,0.4285714285714285,0.4259049773755656,0.4301260022909507,0.4204221334854535,0.4284903518728717,,0.3810991268618387,0.4201998379692141,-0.0026664511958628956,-0.004221024915385119,-8.107669855678123e-05,-0.0016356504180790044,,,-0.04747230170958977,-0.008371590602214374,False,False,False,False,False,False,False,0.3695652173913043,0.51,0.3698428290766208,0.502
expanded::SQUIDPY_SLIDESEQV2_EXPANDED::7,expanded,SQUIDPY_SLIDESEQV2_EXPANDED,7,1298,>1000,0.4829457364341085,0.4798464491362764,0.4804035700426853,0.4797531816428846,0.4835164835164836,,0.419740777666999,0.4608985024958403,-0.0030992872978320984,-0.0030992872978320984,0.0005707470823750893,0.0005707470823750893,,,-0.06320495876710946,-0.022047233938268185,False,False,False,False,False,False,False,0.4859594383775351,0.4799691833590138,0.4781943381790359,0.4815100154083205
expanded::SQUIDPY_SLIDESEQV2_EXPANDED::8,expanded,SQUIDPY_SLIDESEQV2_EXPANDED,8,1027,>1000,0.2536082474226804,0.2540365984930032,0.2488038277511962,0.2505285412262156,0.2632653061224489,,0.090272373540856,0.2174418604651162,0.0004283510703227966,0.0004283510703227966,0.009657058699768517,0.00922870762944572,,,-0.1633358738818244,-0.03616638695756419,False,False,False,False,False,False,False,0.2694414019715224,0.2395326192794547,0.2839951865222623,0.2297955209347614
expanded::SQUIDPY_SLIDESEQV2_EXPANDED::9,expanded,SQUIDPY_SLIDESEQV2_EXPANDED,9,938,501-1000,0.1978273299028016,0.1932479627473806,0.1891580161476355,0.181378476420798,0.1889855072463768,,0.0770440251572327,0.1530272787757817,-0.00457936715542101,-0.00457936715542101,-0.008841822656424803,-0.008841822656424803,,,-0.1207833047455689,-0.0448000511270199,False,False,False,False,False,False,False,0.2133168927250308,0.1844349680170575,0.2128205128205128,0.1769722814498933
preview::GEO_GSE240015_VISIUM_THYMUS_DOMAIN::d0_02mo::leiden_1.0_0,preview,GEO_GSE240015_VISIUM_THYMUS_DOMAIN,d0_02mo::leiden_1.0_0,746,501-1000,0.4619970193740685,0.4953068592057761,0.4569288389513108,0.4761194029850746,0.4670126019273536,0.4829629629629629,,,0.0333098398317076,0.019187456220701504,0.005015582553285103,-0.028294257278422497,0.02096594358889442,0.012729353317145309,,,True,False,True,True,False,False,False,0.5201342281879194,0.4155495978552279,0.5367762128325508,0.4597855227882037
preview::GEO_GSE240015_VISIUM_THYMUS_DOMAIN::d0_02mo::leiden_1.0_1,preview,GEO_GSE240015_VISIUM_THYMUS_DOMAIN,d0_02mo::leiden_1.0_1,631,501-1000,0.5873873873873874,0.3714902807775378,0.6088464874241111,0.6215978928884986,0.548175865294668,0.5786046511627907,,,-0.21589710660984957,-0.25010761211096083,-0.039211522092719386,-0.07342202759383065,-0.008782736224596688,-0.008782736224596688,,,False,False,False,False,True,False,True,0.6805845511482255,0.5166402535657686,0.5830508474576271,0.2725832012678288
preview::GEO_GSE240015_VISIUM_THYMUS_DOMAIN::d0_02mo::leiden_1.0_2,preview,GEO_GSE240015_VISIUM_THYMUS_DOMAIN,d0_02mo::leiden_1.0_2,563,501-1000,0.2151394422310757,0.2138200782268579,0.2144772117962466,0.2172185430463576,0.2248677248677248,0.2219251336898395,,,-0.00131936400421781,-0.003398464819499708,0.0097282826366491,0.007649181821367201,0.006785691458763787,-0.006646294881589104,,,False,False,False,False,False,False,False,0.4263157894736842,0.1438721136767318,0.4019607843137255,0.1456483126110124
preview::GEO_GSE240015_VISIUM_THYMUS_DOMAIN::d0_02mo::leiden_1.0_3,preview,GEO_GSE240015_VISIUM_THYMUS_DOMAIN,d0_02mo::leiden_1.0_3,468,101-500,0.3107049608355091,0.3350515463917526,0.353393085787452,0.3358395989974936,0.3070866141732283,0.3673469387755102,,,0.024346585556243527,-0.01834153939569938,-0.0036183466622807803,-0.04630647161422369,0.05664197794000114,0.021290959131744336,,,False,False,True,True,False,False,False,0.3993288590604026,0.2542735042735042,0.422077922077922,0.2777777777777778
preview::GEO_GSE240015_VISIUM_THYMUS_DOMAIN::d0_02mo::leiden_1.0_4,preview,GEO_GSE240015_VISIUM_THYMUS_DOMAIN,d0_02mo::leiden_1.0_4,323,101-500,0.2946708463949843,0.2791411042944785,0.283076923076923,0.2105263157894737,0.2972136222910216,0.3259493670886075,,,-0.015529742100505783,-0.015529742100505783,0.002542775896037297,0.002542775896037297,0.03127852069362319,0.005456300832829386,,,False,False,False,False,True,False,False,0.2984126984126984,0.2910216718266253,0.2765957446808511,0.2817337461300309
preview::GEO_GSE240015_VISIUM_THYMUS_DOMAIN::d0_18mo::leiden_1.0_0,preview,GEO_GSE240015_VISIUM_THYMUS_DOMAIN,d0_18mo::leiden_1.0_0,283,101-500,0.2079646017699115,0.328,0.2893081761006289,0.2708333333333333,0.2067415730337078,0.2309368191721133,,,0.12003539823008852,0.03869182389937109,-0.0012230287362036962,-0.12125842696629222,0.022972217402201817,-0.015871691466184584,,,True,False,False,True,False,False,False,0.2781065088757396,0.166077738515901,0.3778801843317972,0.2897526501766784
preview::GEO_GSE240015_VISIUM_THYMUS_DOMAIN::d0_18mo::leiden_1.0_1,preview,GEO_GSE240015_VISIUM_THYMUS_DOMAIN,d0_18mo::leiden_1.0_1,224,101-500,0.2264150943396226,0.2274247491638796,0.2149837133550488,0.244776119402985,0.2356687898089172,0.3124999999999999,,,0.0010096548242570225,-0.01735137023910538,0.00925369546929461,-0.009107329594067792,0.0860849056603773,0.02023638968481367,,,False,False,True,False,False,False,False,0.3829787234042553,0.1607142857142857,0.4533333333333333,0.1517857142857142
preview::GEO_GSE240015_VISIUM_THYMUS_DOMAIN::d0_18mo::leiden_1.0_2,preview,GEO_GSE240015_VISIUM_THYMUS_DOMAIN,d0_18mo::leiden_1.0_2,216,101-500,0.233502538071066,0.2883295194508009,0.3044496487119438,0.261501210653753,0.2290076335877862,0.275,,,0.05482698137973488,-0.016120129261142924,-0.004494904483279799,-0.0754420151241576,0.041497461928934026,-0.012104622871046078,,,False,False,False,True,False,False,False,0.2584269662921348,0.2129629629629629,0.2850678733031674,0.2916666666666667
preview::GEO_GSE240015_VISIUM_THYMUS_DOMAIN::d0_18mo::leiden_1.0_3,preview,GEO_GSE240015_VISIUM_THYMUS_DOMAIN,d0_18mo::leiden_1.0_3,122,101-500,0.3120567375886525,0.3118908382066276,0.3439803439803439,0.3565891472868217,0.3056179775280899,0.3366834170854271,,,-0.00016589938202488108,-0.044698309080194065,-0.006438760060562598,-0.05097116975873178,0.024626679496774606,0.013945030777358702,,,False,False,True,False,False,False,False,0.2192691029900332,0.5409836065573771,0.2046035805626598,0.6557377049180327
preview::GEO_GSE240015_VISIUM_THYMUS_DOMAIN::d0_18mo::leiden_1.0_4,preview,GEO_GSE240015_VISIUM_THYMUS_DOMAIN,d0_18mo::leiden_1.0_4,109,101-500,0.4098765432098766,0.327552986512524,0.36318407960199,0.3711790393013101,0.3847980997624703,0.3914081145584726,,,-0.08232355669735258,-0.08232355669735258,-0.025078443447406285,-0.025078443447406285,-0.018468428651404023,-0.018468428651404023,,,False,False,False,False,True,False,True,0.2804054054054054,0.7614678899082569,0.2073170731707317,0.7798165137614679
preview::GEO_GSE240015_VISIUM_THYMUS_DOMAIN::d0_18mo::leiden_1.0_5,preview,GEO_GSE240015_VISIUM_THYMUS_DOMAIN,d0_18mo::leiden_1.0_5,103,101-500,0.2702702702702703,0.2902584493041749,0.2805100182149362,0.2924901185770751,0.2763636363636363,0.2730627306273063,,,0.019988179033904596,-0.002231669272900194,0.006093366093366026,-0.016126482213438764,0.0027924603570360085,0.0027924603570360085,,,False,False,False,True,False,False,False,0.165929203539823,0.7281553398058253,0.1825,0.7087378640776699
preview::GEO_GSE240015_VISIUM_THYMUS_DOMAIN::d0_18mo::leiden_1.0_6,preview,GEO_GSE240015_VISIUM_THYMUS_DOMAIN,d0_18mo::leiden_1.0_6,71,26-100,0.2761506276150627,0.2986425339366516,0.3013698630136986,0.25,0.2622950819672131,0.2928870292887029,,,0.022491906321588873,-0.002727329077047036,-0.013855545647849632,-0.03907478104648554,0.01673640167364021,0.01673640167364021,,,False,False,True,True,False,False,True,0.1964285714285714,0.4647887323943662,0.22,0.4647887323943662
preview::GEO_GSE240015_VISIUM_THYMUS_DOMAIN::d0_18mo::leiden_1.0_7,preview,GEO_GSE240015_VISIUM_THYMUS_DOMAIN,d0_18mo::leiden_1.0_7,51,26-100,0.0564705882352941,0.0745341614906832,0.0817438692098092,0.0623376623376623,0.056338028169014,0.0616113744075829,,,0.018063573255389105,-0.007209707719125991,-0.0001325600662800963,-0.025405841040795192,0.005140786172288803,0.0,,,False,False,False,True,False,False,False,0.0320855614973262,0.2352941176470588,0.044280442804428,0.2352941176470588
preview::GEO_GSE284005_MERSCOPE_MS::B,preview,GEO_GSE284005_MERSCOPE_MS,B,250,101-500,0.8444444444444446,0.8336673346693386,0.8299595141700404,0.8380566801619432,0.844,0.8277227722772277,,,-0.01077710977510593,-0.01077710977510593,-0.00044444444444458053,-0.00044444444444458053,-0.016721672167216872,-0.016721672167216872,,,False,False,False,False,True,False,False,0.8530612244897959,0.836,0.8353413654618473,0.832
preview::GEO_GSE284005_MERSCOPE_MS::BCAS1+ OL,preview,GEO_GSE284005_MERSCOPE_MS,BCAS1+ OL,250,101-500,0.4180522565320664,0.4200477326968974,0.4105011933174224,0.4187192118226601,0.4038461538461538,0.4263038548752834,,,0.0019954761648309782,0.0013285208742372934,-0.014206102685912603,-0.01620157885074358,0.008251598343216981,0.005722199394299077,,,False,False,False,False,False,False,True,0.5146198830409356,0.352,0.5207100591715976,0.352
preview::GEO_GSE284005_MERSCOPE_MS::CCN1.Astro,preview,GEO_GSE284005_MERSCOPE_MS,CCN1.Astro,250,101-500,0.4520255863539445,0.4678111587982832,0.4539614561027837,0.4628450106157113,0.4695652173913043,0.4831932773109244,,,0.015785572444338702,0.004966148182571906,0.017539631037359782,0.0017540585930210795,0.031167690956979854,0.004842761847006882,,,False,False,False,True,False,True,False,0.4840182648401826,0.424,0.5046296296296297,0.436
preview::GEO_GSE284005_MERSCOPE_MS::CD4+ T,preview,GEO_GSE284005_MERSCOPE_MS,CD4+ T,250,101-500,0.631768953068592,0.6376306620209059,0.6366906474820145,0.6234234234234234,0.6408450704225352,0.625222024866785,,,0.00586170895231386,0.000940014538891365,0.009076117353943203,0.003214408401629343,-0.006546928201807023,-0.01322594691452006,,,False,False,False,False,False,False,False,0.5756578947368421,0.7,0.5648148148148148,0.732
preview::GEO_GSE284005_MERSCOPE_MS::CD8+ T,preview,GEO_GSE284005_MERSCOPE_MS,CD8+ T,250,101-500,0.4765217391304348,0.4618055555555556,0.4660869565217391,0.4726631393298059,0.4697754749568221,0.4577464788732394,,,-0.014716183574879194,-0.014716183574879194,-0.006746264173612682,-0.006746264173612682,-0.018775260257195392,-0.018775260257195392,,,False,False,False,False,True,False,False,0.4215384615384615,0.548,0.4079754601226993,0.532
preview::GEO_GSE284005_MERSCOPE_MS::COP,preview,GEO_GSE284005_MERSCOPE_MS,COP,250,101-500,0.8622222222222223,0.8501118568232662,0.8596881959910914,0.8552338530066815,0.8514412416851442,0.8620689655172415,,,-0.012110365398956158,-0.012110365398956158,-0.0107809805370781,-0.0107809805370781,-0.00015325670498078647,-0.00015325670498078647,,,False,False,False,False,True,False,True,0.97,0.776,0.964467005076142,0.76
preview::GEO_GSE284005_MERSCOPE_MS::DA.Astro,preview,GEO_GSE284005_MERSCOPE_MS,DA.Astro,250,101-500,0.6027397260273973,0.6172413793103448,0.5854483925549915,0.5958904109589042,0.6058519793459552,0.5910652920962199,,,0.014501653282947502,0.014501653282947502,0.0031122533185579115,-0.01138939996438959,-0.011674433931177397,-0.011674433931177397,,,True,False,False,True,False,False,False,0.5269461077844312,0.704,0.5424242424242425,0.716
preview::GEO_GSE284005_MERSCOPE_MS::DAOPC,preview,GEO_GSE284005_MERSCOPE_MS,DAOPC,250,101-500,0.4532710280373832,0.4398148148148148,0.4444444444444445,0.4444444444444445,0.4434389140271493,0.4302600472813239,,,-0.013456213222568347,-0.013456213222568347,-0.009832114010233872,-0.009832114010233872,-0.023010980756059285,-0.025553906207048116,,,False,False,False,False,True,False,False,0.5449438202247191,0.388,0.521978021978022,0.38
preview::GEO_GSE284005_MERSCOPE_MS::Disease OL,preview,GEO_GSE284005_MERSCOPE_MS,Disease OL,250,101-500,0.1967213114754098,0.1853448275862068,0.1991869918699187,0.1924686192468619,0.1854838709677419,0.2090729783037475,,,-0.01137648388920301,-0.013842164283711905,-0.011237440507667895,-0.01370312090217679,0.012351666828337687,0.012351666828337687,,,False,False,True,False,True,False,True,0.2016806722689075,0.192,0.2009345794392523,0.172
preview::GEO_GSE284005_MERSCOPE_MS::Fibroblast,preview,GEO_GSE284005_MERSCOPE_MS,Fibroblast,250,101-500,0.6832298136645963,0.6824644549763034,0.675968992248062,0.679186228482003,0.684375,0.679186228482003,,,-0.0007653586882929719,-0.0007653586882929719,0.001145186335403614,0.001145186335403614,-0.00404358518259329,-0.012519561815336422,,,False,False,False,False,False,False,False,0.5583756345177665,0.88,0.5639686684073107,0.864
preview::GEO_GSE284005_MERSCOPE_MS::Homeo.Astro,preview,GEO_GSE284005_MERSCOPE_MS,Homeo.Astro,250,101-500,0.1543026706231454,0.1420118343195266,0.1325301204819277,0.1769911504424778,0.1428571428571428,0.1671641791044776,,,-0.012290836303618796,-0.03497931612295119,-0.011445527766002606,-0.034134007585335,0.01286150848133219,0.005970149253731377,,,False,False,False,False,True,False,True,0.2988505747126437,0.104,0.2727272727272727,0.096
preview::GEO_GSE284005_MERSCOPE_MS::Homeo.Endo,preview,GEO_GSE284005_MERSCOPE_MS,Homeo.Endo,250,101-500,0.5011933174224343,0.5243619489559164,0.5152224824355972,0.5219399538106235,0.5130641330166271,0.5391705069124425,,,0.02316863153348203,0.0024219951452928434,0.011870815594192785,-0.011297815939289246,0.03797718949000817,0.014110841041320765,,,False,False,True,True,False,True,False,0.621301775147929,0.42,0.6243093922651933,0.452
preview::GEO_GSE284005_MERSCOPE_MS::Imm OL,preview,GEO_GSE284005_MERSCOPE_MS,Imm OL,250,101-500,0.340036563071298,0.3475046210720887,0.3369963369963369,0.3339382940108893,0.3465160075329567,0.3433628318584071,,,0.0074680580007907005,0.0074680580007907005,0.006479444461658712,-0.0009886135391319884,0.003326268787109121,0.003326268787109121,,,False,False,False,False,False,False,False,0.3131313131313131,0.372,0.3230240549828179,0.376
preview::GEO_GSE284005_MERSCOPE_MS::Imm.Astro,preview,GEO_GSE284005_MERSCOPE_MS,Imm.Astro,250,101-500,0.2836041358936484,0.2852852852852853,0.2664670658682634,0.2924667651403249,0.2928994082840236,0.2977443609022556,,,0.0016811493916368825,-0.007181479855039585,0.009295272390375198,0.0004326431436987299,0.014140225008607177,0.014140225008607177,,,False,False,True,False,False,False,False,0.2248243559718969,0.384,0.2283653846153846,0.38
preview::GEO_GSE284005_MERSCOPE_MS::Mac,preview,GEO_GSE284005_MERSCOPE_MS,Mac,250,101-500,0.4973821989528796,0.4921465968586386,0.4845360824742268,0.4934383202099737,0.481675392670157,0.5038560411311055,,,-0.00523560209424101,-0.00523560209424101,-0.015706806282722585,-0.015706806282722585,0.006473842178225886,0.005128305762148788,,,False,False,False,False,False,False,True,0.7196969696969697,0.38,0.7121212121212122,0.376
preview::GEO_GSE284005_MERSCOPE_MS::Mature OL,preview,GEO_GSE284005_MERSCOPE_MS,Mature OL,250,101-500,0.3171355498721228,0.3168567807351077,0.3231552162849873,0.3096129837702871,0.3159235668789809,0.3156462585034014,,,-0.000278769137015078,-0.006298435549879577,-0.0012119829931419024,-0.007231649406006402,-0.0014892913687213905,-0.00735115751727039,,,False,False,False,False,False,False,False,0.2330827067669172,0.496,0.2319109461966604,0.5
preview::GEO_GSE284005_MERSCOPE_MS::Micro Foamy,preview,GEO_GSE284005_MERSCOPE_MS,Micro Foamy,250,101-500,0.5488721804511278,0.568738229755179,0.5367647058823529,0.5526315789473685,0.5767097966728281,0.5602968460111317,,,0.019866049304051114,0.016106650807810485,0.027837616221700223,0.007971566917649109,0.011424665560003877,0.011424665560003877,,,True,False,True,True,False,True,False,0.5177304964539007,0.584,0.5373665480427047,0.604
preview::GEO_GSE284005_MERSCOPE_MS::Micro Homeo,preview,GEO_GSE284005_MERSCOPE_MS,Micro Homeo,250,101-500,0.2159383033419023,0.2379746835443038,0.2273901808785529,0.2091836734693877,0.2388059701492537,0.2444987775061124,,,0.02203638020240148,0.010584502665750894,0.02286766680735139,0.0008312866049499101,0.028560474164210092,0.0160723815670262,,,True,False,True,True,False,True,False,0.302158273381295,0.168,0.3241379310344827,0.188
preview::GEO_GSE284005_MERSCOPE_MS::Micro IL1B,preview,GEO_GSE284005_MERSCOPE_MS,Micro IL1B,250,101-500,0.5595238095238094,0.5476190476190477,0.5544554455445545,0.5531062124248497,0.5611222444889781,0.5708502024291499,,,-0.011904761904761751,-0.011904761904761751,0.0015984349651686491,0.0015984349651686491,0.011326392905340432,0.007858076444897888,,,False,False,False,False,True,False,False,0.5551181102362205,0.564,0.5433070866141733,0.552
preview::GEO_GSE284005_MERSCOPE_MS::Micro SPP1,preview,GEO_GSE284005_MERSCOPE_MS,Micro SPP1,250,101-500,0.4396200814111262,0.43646408839779,0.4363143631436315,0.4405405405405405,0.4394993045897079,0.4412607449856733,,,-0.003155993013336189,-0.004076452142750486,-0.00012077682141831136,-0.0010412359508326086,0.0016406635745471188,0.0016406635745471188,,,False,False,False,False,False,False,False,0.3326488706365503,0.648,0.3333333333333333,0.632
preview::GEO_GSE284005_MERSCOPE_MS::Micro Stress,preview,GEO_GSE284005_MERSCOPE_MS,Micro Stress,250,101-500,0.2655246252676659,0.2695652173913043,0.252212389380531,0.2548596112311015,0.2707423580786026,0.2526766595289079,,,0.004040592123638387,0.004040592123638387,0.005217732810936682,0.0011771406872982948,-0.012847965738758016,-0.012847965738758016,,,False,False,False,False,False,False,False,0.2857142857142857,0.248,0.2952380952380952,0.248
preview::GEO_GSE284005_MERSCOPE_MS::Micro VEGFA,preview,GEO_GSE284005_MERSCOPE_MS,Micro VEGFA,250,101-500,0.3863636363636363,0.3826879271070615,0.4027149321266968,0.3826879271070615,0.3981481481481481,0.4203539823008849,,,-0.0036757092565747884,-0.02002700501963528,0.011784511784511786,-0.004566783978548705,0.03399034593724859,0.009873632955906764,,,False,False,False,False,False,True,False,0.4473684210526316,0.34,0.4444444444444444,0.336
preview::GEO_GSE284005_MERSCOPE_MS::NK,preview,GEO_GSE284005_MERSCOPE_MS,NK,143,101-500,0.5950920245398773,0.5909090909090908,0.5956112852664577,0.5791044776119403,0.5796178343949046,0.5864197530864198,,,-0.004182933630786478,-0.004702194357366851,-0.015474190144972755,-0.015993450871553128,-0.008672271453457503,-0.008672271453457503,,,False,False,False,False,False,False,True,0.5300546448087432,0.6783216783216783,0.5515151515151515,0.6363636363636364
preview::GEO_GSE284005_MERSCOPE_MS::Neu.GABA,preview,GEO_GSE284005_MERSCOPE_MS,Neu.GABA,250,101-500,0.7223113964686998,0.7368421052631577,0.7401315789473684,0.7237479806138933,0.7258064516129032,0.7212598425196851,,,0.014530708794457947,-0.00328947368421062,0.0034950551442034516,-0.014325127334465115,-0.001051553949014683,-0.009819062472263385,,,False,False,False,True,False,False,False,0.6032171581769437,0.9,0.6256983240223464,0.896
preview::GEO_GSE284005_MERSCOPE_MS::Neu.GLUT,preview,GEO_GSE284005_MERSCOPE_MS,Neu.GLUT,250,101-500,0.728813559322034,0.7209775967413442,0.726890756302521,0.729957805907173,0.7333333333333334,0.6923076923076924,,,-0.007835962580689748,-0.008980209165828756,0.004519774011299438,0.0033755274261604296,-0.03650586701434155,-0.03650586701434155,,,False,False,False,False,False,False,False,0.7747747747747747,0.688,0.7344398340248963,0.708
preview::GEO_GSE284005_MERSCOPE_MS::OPALIN+ OL,preview,GEO_GSE284005_MERSCOPE_MS,OPALIN+ OL,250,101-500,0.3682008368200837,0.368421052631579,0.3705263157894737,0.3689727463312369,0.3762781186094069,0.3670103092783505,,,0.00022021581149528346,-0.002105263157894721,0.00807728178932321,0.005751802819933205,-0.0011905275417332106,-0.0011905275417332106,,,False,False,False,False,False,False,False,0.3859649122807017,0.352,0.3729508196721312,0.364
preview::GEO_GSE284005_MERSCOPE_MS::OPC,preview,GEO_GSE284005_MERSCOPE_MS,OPC,250,101-500,0.5598755832037324,0.5578446909667194,0.54858934169279,0.5592417061611374,0.5575364667747164,0.5682888540031397,,,-0.0020308922370130267,-0.0020308922370130267,-0.002339116429016075,-0.002339116429016075,0.008413270799407235,0.008413270799407235,,,False,False,False,False,False,False,False,0.4580152671755725,0.72,0.4619422572178477,0.704
preview::GEO_GSE284005_MERSCOPE_MS::Pericyte,preview,GEO_GSE284005_MERSCOPE_MS,Pericyte,250,101-500,0.7432675044883303,0.743859649122807,0.745945945945946,0.7419354838709677,0.7464285714285714,0.7509025270758123,,,0.0005921446344766546,-0.002086296823138989,0.0031610669402410974,0.0004826254826254539,0.007635022587481943,0.0072202166064981865,,,False,False,False,False,False,False,False,0.6742671009771987,0.828,0.6625,0.848
preview::GEO_GSE284005_MERSCOPE_MS::Repair.Endo,preview,GEO_GSE284005_MERSCOPE_MS,Repair.Endo,250,101-500,0.639760837070254,0.6482334869431644,0.631578947368421,0.6483180428134557,0.6285714285714284,0.6494345718901454,,,0.00847264987291041,-8.455587029132516e-05,-0.011189408498825548,-0.019746614242027283,0.009673734819891422,-0.003562273535722138,,,False,False,False,False,False,False,True,0.5107398568019093,0.856,0.5261845386533666,0.844
preview::GEO_GSE284005_MERSCOPE_MS::SMC,preview,GEO_GSE284005_MERSCOPE_MS,SMC,250,101-500,0.7766990291262137,0.7680311890838205,0.7701375245579567,0.7883495145631069,0.7762906309751435,0.7811320754716983,,,-0.008667840042393182,-0.02031832547928636,-0.0004083981510701884,-0.012058883587963365,0.004433046345484581,0.004433046345484581,,,False,False,False,False,False,False,False,0.7547169811320755,0.8,0.7490494296577946,0.788
preview::GEO_GSE284005_MERSCOPE_MS::Stress OL,preview,GEO_GSE284005_MERSCOPE_MS,Stress OL,250,101-500,0.1807909604519774,0.1797752808988764,0.1814744801512287,0.1771217712177121,0.1886792452830189,0.1854838709677419,,,-0.001015679553101001,-0.0016991992523522903,0.007888284831041509,0.0072047651317902195,0.004692910515764509,0.003665689149560114,,,False,False,False,False,False,False,False,0.1708185053380783,0.192,0.1690140845070422,0.192
preview::GEO_GSE284005_MERSCOPE_MS::Stress T,preview,GEO_GSE284005_MERSCOPE_MS,Stress T,250,101-500,0.5336426914153133,0.5181818181818182,0.5263157894736843,0.517162471395881,0.5193621867881548,0.5128205128205128,,,-0.015460873233495098,-0.015460873233495098,-0.014280504627158463,-0.014280504627158463,-0.02082217859480051,-0.02082217859480051,,,False,False,False,False,True,False,True,0.6353591160220995,0.46,0.6,0.456
preview::GEO_GSE284005_MERSCOPE_MS::Stress.Astro,preview,GEO_GSE284005_MERSCOPE_MS,Stress.Astro,250,101-500,0.1937321937321937,0.1928374655647383,0.2028169014084506,0.1734104046242774,0.196078431372549,0.2292263610315186,,,-0.0008947281674553942,-0.009979435843712303,0.0023462376403552976,-0.006738470035901611,0.03549416729932492,0.010835556433817506,,,False,False,True,False,False,False,False,0.3366336633663366,0.136,0.3097345132743362,0.14
preview::GEO_GSE284005_MERSCOPE_MS::Stress.Endo,preview,GEO_GSE284005_MERSCOPE_MS,Stress.Endo,250,101-500,0.4336043360433604,0.4528301886792453,0.448,0.431266846361186,0.4309392265193369,0.4327176781002638,,,0.019225852635884888,0.004830188679245284,-0.00266510952402349,-0.021890962159908378,-0.0008866579430966137,-0.0008866579430966137,,,False,False,False,True,False,False,False,0.6722689075630253,0.32,0.6942148760330579,0.336
preview::GEO_GSE284005_MERSCOPE_MS::Treg,preview,GEO_GSE284005_MERSCOPE_MS,Treg,250,101-500,0.0390625,0.046692607003891,0.0389105058365758,0.046692607003891,0.054054054054054,0.046692607003891,,,0.007630107003891003,0.0,0.014991554054054002,0.007361447050162999,0.007630107003891003,0.00036056067184470075,,,False,False,False,False,False,True,False,0.8333333333333334,0.02,0.8571428571428571,0.024
preview::GEO_GSE284005_MERSCOPE_MS::Vas.Astro,preview,GEO_GSE284005_MERSCOPE_MS,Vas.Astro,250,101-500,0.7999999999999999,0.8181818181818182,0.8048289738430584,0.7870182555780935,0.810379241516966,0.7889546351084812,,,0.0181818181818183,0.013352844338759828,0.01037924151696612,-0.007802576664852179,-0.01104536489151875,-0.020664603368472645,,,True,False,False,True,False,True,False,0.8166666666666667,0.784,0.80859375,0.828
preview::GEO_GSE284005_MERSCOPE_MS::cop_nfol,preview,GEO_GSE284005_MERSCOPE_MS,cop_nfol,250,101-500,0.0079681274900398,0.0079365079365079,0.0079681274900398,0.0079681274900398,0.0079365079365079,0.0079365079365079,,,-3.161955353190096e-05,-3.161955353190096e-05,-3.161955353190096e-05,-3.161955353190096e-05,-3.161955353190096e-05,-3.161955353190096e-05,,,False,False,False,False,False,False,False,1.0,0.004,0.5,0.004
preview::GEO_GSE284005_MERSCOPE_MS::inflammatory.Endo,preview,GEO_GSE284005_MERSCOPE_MS,inflammatory.Endo,250,101-500,0.8111332007952287,0.796844181459566,0.8118811881188118,0.800796812749004,0.7992047713717693,0.8116504854368933,,,-0.014289019335662623,-0.015037006659245788,-0.011928429423459397,-0.012676416747042563,0.0005172846416646726,-0.0021690922982313676,,,False,False,False,False,True,False,True,0.8063241106719368,0.816,0.7859922178988327,0.808
preview::GEO_GSE327581_COSMX_AD_BRAIN::Astrocytes.Bergmann.glia,preview,GEO_GSE327581_COSMX_AD_BRAIN,Astrocytes.Bergmann.glia,100,26-100,0.7116564417177913,0.7052023121387282,0.7073170731707317,0.7116564417177913,0.7052023121387282,0.7160493827160493,,,-0.006454129579063106,-0.006454129579063106,-0.006454129579063106,-0.006454129579063106,0.004392940998258044,-0.01889037632009516,,,False,False,False,False,False,False,False,0.9206349206349206,0.58,0.8356164383561644,0.61
preview::GEO_GSE327581_COSMX_AD_BRAIN::Astrocytes.cortex.hippocampus,preview,GEO_GSE327581_COSMX_AD_BRAIN,Astrocytes.cortex.hippocampus,100,26-100,0.4864864864864864,0.4747474747474747,0.4748858447488585,0.4864864864864864,0.4827586206896552,0.4862385321100917,,,-0.011739011739011707,-0.011739011739011707,-0.003727865796831209,-0.003727865796831209,-0.00024795437639468787,-0.00024795437639468787,,,False,False,False,False,True,False,False,0.4426229508196721,0.54,0.4795918367346938,0.47
preview::GEO_GSE327581_COSMX_AD_BRAIN::Astrocytes.thalamus.hypothalamus,preview,GEO_GSE327581_COSMX_AD_BRAIN,Astrocytes.thalamus.hypothalamus,100,26-100,0.6153846153846154,0.6892655367231638,0.6000000000000001,0.6153846153846154,0.6408839779005524,0.6272189349112426,,,0.0738809213385484,0.0738809213385484,0.025499362515936985,-0.048381558822611415,0.011834319526627168,0.011834319526627168,,,True,False,True,True,False,True,False,0.7536231884057971,0.52,0.7922077922077922,0.61
preview::GEO_GSE327581_COSMX_AD_BRAIN::CCK.interneurons,preview,GEO_GSE327581_COSMX_AD_BRAIN,CCK.interneurons,100,26-100,0.7241379310344828,0.7024793388429751,0.7210300429184548,0.7210300429184548,0.7063829787234042,0.7012987012987013,,,-0.021658592191507675,-0.021658592191507675,-0.017754952311078598,-0.017754952311078598,-0.022839229735781452,-0.022839229735781452,,,False,False,False,False,True,False,True,0.6363636363636364,0.84,0.5985915492957746,0.85
preview::GEO_GSE327581_COSMX_AD_BRAIN::Cajal.Retzius.cells,preview,GEO_GSE327581_COSMX_AD_BRAIN,Cajal.Retzius.cells,100,26-100,0.1277955271565495,0.1145038167938931,0.0797342192691029,0.1103896103896103,0.1067615658362989,0.1041666666666666,,,-0.01329171036265639,-0.01329171036265639,-0.021033961320250594,-0.021033961320250594,-0.023628860489882886,-0.023628860489882886,,,False,False,False,False,True,False,True,0.0938967136150234,0.2,0.0925925925925925,0.15
preview::GEO_GSE327581_COSMX_AD_BRAIN::Cholinergic.neurons.habenula,preview,GEO_GSE327581_COSMX_AD_BRAIN,Cholinergic.neurons.habenula,100,26-100,0.1780821917808219,0.2083333333333333,0.1721854304635761,0.1655172413793103,0.2054794520547945,0.2040816326530612,,,0.03025114155251138,0.03025114155251138,0.0273972602739726,-0.002853881278538778,0.025999440872239293,0.0161621695658129,,,True,False,True,True,False,True,False,0.2826086956521739,0.13,0.3409090909090909,0.15
preview::GEO_GSE327581_COSMX_AD_BRAIN::Choroid.plexus.epithelial.cells,preview,GEO_GSE327581_COSMX_AD_BRAIN,Choroid.plexus.epithelial.cells,100,26-100,0.9514563106796116,0.9389671361502347,0.9560975609756096,0.9514563106796116,0.947867298578199,0.8695652173913044,,,-0.012489174529376812,-0.017130424825374857,-0.003589012101412603,-0.008230262397410648,-0.08189109328830713,-0.08189109328830713,,,False,False,False,False,True,False,False,0.9245283018867924,0.98,0.8849557522123894,1.0
preview::GEO_GSE327581_COSMX_AD_BRAIN::Committed.oligodendrocytes,preview,GEO_GSE327581_COSMX_AD_BRAIN,Committed.oligodendrocytes,100,26-100,0.4081632653061224,0.3977272727272727,0.4034582132564841,0.4104046242774566,0.3988269794721408,0.408284023668639,,,-0.010435992578849695,-0.012677351550183902,-0.009336285833981606,-0.011577644805315812,0.0001207583625165709,0.0001207583625165709,,,False,False,False,False,True,False,False,0.2880658436213992,0.7,0.2777777777777778,0.7
preview::GEO_GSE327581_COSMX_AD_BRAIN::D1.medium.spiny.neurons,preview,GEO_GSE327581_COSMX_AD_BRAIN,D1.medium.spiny.neurons,100,26-100,0.5960264900662252,0.6054421768707483,0.6006600660066007,0.5986842105263157,0.5945945945945946,0.5960264900662252,,,0.009415686804523093,0.004782110864147593,-0.0014318954716305843,-0.010847582276153678,0.0,-0.018814499333068002,,,False,False,False,False,False,False,False,0.4455445544554455,0.9,0.4587628865979381,0.89
preview::GEO_GSE327581_COSMX_AD_BRAIN::D2.medium.spiny.neurons,preview,GEO_GSE327581_COSMX_AD_BRAIN,D2.medium.spiny.neurons,100,26-100,0.6066350710900474,0.6063348416289593,0.5981308411214953,0.6103286384976525,0.6103286384976525,0.6017699115044247,,,-0.00030022946108809734,-0.003993796868693167,0.0036935674076050695,0.0,-0.004865159585622725,-0.05588774615323289,,,False,False,False,False,False,False,False,0.5765765765765766,0.64,0.5537190082644629,0.67
preview::GEO_GSE327581_COSMX_AD_BRAIN::Dopaminergic.neurons,preview,GEO_GSE327581_COSMX_AD_BRAIN,Dopaminergic.neurons,100,26-100,0.7354260089686099,0.7423580786026202,0.7321428571428572,0.7321428571428572,0.7248908296943233,0.7410714285714286,,,0.006932069634010274,0.006932069634010274,-0.010535179274286599,-0.017467248908296873,0.005645419602818724,0.005645419602818724,,,False,False,False,False,False,False,True,0.6666666666666666,0.82,0.6589147286821705,0.85
preview::GEO_GSE327581_COSMX_AD_BRAIN::Ependymal.cells,preview,GEO_GSE327581_COSMX_AD_BRAIN,Ependymal.cells,100,26-100,0.8586387434554974,0.8316831683168315,0.836734693877551,0.8571428571428572,0.845771144278607,0.8272251308900523,,,-0.026955575138665866,-0.026955575138665866,-0.012867599176890399,-0.012867599176890399,-0.03141361256544506,-0.03141361256544506,,,False,False,False,False,True,False,True,0.9010989010989012,0.82,0.8235294117647058,0.84
preview::GEO_GSE327581_COSMX_AD_BRAIN::Excitatory.neurons.amygdala,preview,GEO_GSE327581_COSMX_AD_BRAIN,Excitatory.neurons.amygdala,100,26-100,0.1973684210526315,0.2193548387096774,0.1830065359477124,0.1973684210526315,0.2165605095541401,0.1910828025477707,,,0.021986417657045898,0.021986417657045898,0.01919208850150861,-0.0027943291555372896,-0.006285618504860785,-0.016234270622960983,,,True,False,False,True,False,True,False,0.2884615384615384,0.15,0.3090909090909091,0.17
preview::GEO_GSE327581_COSMX_AD_BRAIN::Excitatory.neurons.di.mesencephalon,preview,GEO_GSE327581_COSMX_AD_BRAIN,Excitatory.neurons.di.mesencephalon,100,26-100,0.7550200803212851,0.7630522088353413,0.7550200803212851,0.7550200803212851,0.7661290322580645,0.7509881422924901,,,0.008032128514056214,0.008032128514056214,0.01110895193677941,0.003076823422723196,-0.004031938028794979,-0.008195531176897752,,,False,False,False,False,False,True,False,0.6308724832214765,0.94,0.6375838926174496,0.95
preview::GEO_GSE327581_COSMX_AD_BRAIN::Excitatory.neurons.hippocampal.CA1,preview,GEO_GSE327581_COSMX_AD_BRAIN,Excitatory.neurons.hippocampal.CA1,100,26-100,0.5865384615384615,0.6368159203980099,0.5893719806763283,0.5990338164251208,0.5882352941176471,0.6146341463414634,,,0.050277458859548485,0.03778210397288917,0.0016968325791856254,-0.04858062628036286,0.028095684803001952,0.014634146341463317,,,True,False,True,True,False,False,False,0.5648148148148148,0.61,0.6336633663366337,0.64
preview::GEO_GSE327581_COSMX_AD_BRAIN::Excitatory.neurons.hippocampal.CA2,preview,GEO_GSE327581_COSMX_AD_BRAIN,Excitatory.neurons.hippocampal.CA2,100,26-100,0.4383561643835616,0.4433962264150943,0.4246575342465754,0.4383561643835616,0.4358974358974359,0.4027777777777777,,,0.005040062031532677,0.005040062031532677,-0.0024587284861257164,-0.0074987905176583936,-0.03557838660578394,-0.0386015325670499,,,False,False,False,False,False,False,False,0.6956521739130435,0.32,0.4196428571428571,0.47
preview::GEO_GSE327581_COSMX_AD_BRAIN::Excitatory.neurons.hippocampal.CA3,preview,GEO_GSE327581_COSMX_AD_BRAIN,Excitatory.neurons.hippocampal.CA3,100,26-100,0.4174311926605504,0.4591029023746701,0.4259259259259259,0.4183908045977011,0.4543209876543209,0.4193548387096775,,,0.04167170971411971,0.03317697644874423,0.036889794993770486,-0.004781914720349223,0.0019236460491270924,-0.03722084367245648,,,True,False,False,True,False,True,False,0.2708333333333333,0.91,0.3118279569892473,0.87
preview::GEO_GSE327581_COSMX_AD_BRAIN::Excitatory.neurons.layer.1.piriform,preview,GEO_GSE327581_COSMX_AD_BRAIN,Excitatory.neurons.layer.1.piriform,100,26-100,0.1512605042016806,0.2203389830508474,0.180327868852459,0.1525423728813559,0.2148760330578512,0.1833333333333333,,,0.06907847884916679,0.0400111141983884,0.06361552885617058,-0.005462949992996208,0.032072829131652686,0.0015151515151514972,,,True,False,False,True,False,True,False,0.4736842105263157,0.09,0.7222222222222222,0.13
preview::GEO_GSE327581_COSMX_AD_BRAIN::Excitatory.neurons.layer.2.3,preview,GEO_GSE327581_COSMX_AD_BRAIN,Excitatory.neurons.layer.2.3,100,26-100,0.3432835820895523,0.4238410596026489,0.3308270676691729,0.3458646616541353,0.4313725490196078,0.3582089552238806,,,0.08055747751309661,0.07797639794851358,0.08808896693005552,0.007531489416958914,0.01492537313432829,-0.06432625604372505,,,True,False,False,True,False,True,False,0.6764705882352942,0.23,0.6274509803921569,0.32
preview::GEO_GSE327581_COSMX_AD_BRAIN::Excitatory.neurons.layer.4,preview,GEO_GSE327581_COSMX_AD_BRAIN,Excitatory.neurons.layer.4,100,26-100,0.0915032679738562,0.1282051282051282,0.0915032679738562,0.0915032679738562,0.1358024691358024,0.0921052631578947,,,0.03670186023127199,0.03670186023127199,0.0442992011619462,0.007597340930674212,0.0006019951840385007,-0.0203947368421053,,,True,False,False,True,False,True,False,0.1320754716981132,0.07,0.1785714285714285,0.1
preview::GEO_GSE327581_COSMX_AD_BRAIN::Excitatory.neurons.layer.5,preview,GEO_GSE327581_COSMX_AD_BRAIN,Excitatory.neurons.layer.5,100,26-100,0.1935483870967742,0.2307692307692307,0.2096774193548387,0.2222222222222222,0.265625,0.2362204724409448,,,0.03722084367245651,0.008547008547008489,0.07207661290322581,0.0348557692307693,0.04267208534417061,0.01222047244094479,,,False,True,True,True,False,True,False,0.5,0.12,0.5,0.15
preview::GEO_GSE327581_COSMX_AD_BRAIN::Excitatory.neurons.layer.6,preview,GEO_GSE327581_COSMX_AD_BRAIN,Excitatory.neurons.layer.6,100,26-100,0.4444444444444445,0.4255319148936169,0.4453441295546559,0.4552845528455284,0.4351145038167939,0.4369747899159664,,,-0.01891252955082756,-0.029752637951911465,-0.00932994062765058,-0.020170049028734482,-0.007469654528478087,-0.013025210084033623,,,False,False,False,False,True,False,False,0.3776223776223776,0.54,0.3296703296703296,0.6
preview::GEO_GSE327581_COSMX_AD_BRAIN::Excitatory.neurons.telencephalon,preview,GEO_GSE327581_COSMX_AD_BRAIN,Excitatory.neurons.telencephalon,100,26-100,0.1547619047619047,0.15,0.155688622754491,0.1538461538461538,0.1325301204819277,0.1411764705882353,,,-0.004761904761904717,-0.005688622754491002,-0.022231784279977018,-0.023158502272563303,-0.01358543417366942,-0.01358543417366942,,,False,False,False,False,False,False,True,0.1911764705882352,0.13,0.2,0.12
preview::GEO_GSE327581_COSMX_AD_BRAIN::Granule.neurons,preview,GEO_GSE327581_COSMX_AD_BRAIN,Granule.neurons,100,26-100,0.7252747252747254,0.7914438502673796,0.7444444444444446,0.7459459459459459,0.7956989247311828,0.7741935483870969,,,0.06616912499265426,0.045497904321433746,0.07042419945645739,0.004255074463803132,0.0489188231123715,-0.023678792038435037,,,True,False,False,True,False,True,False,0.8048780487804879,0.66,0.8505747126436781,0.74
preview::GEO_GSE327581_COSMX_AD_BRAIN::Hindbrain.excitatory.neurons,preview,GEO_GSE327581_COSMX_AD_BRAIN,Hindbrain.excitatory.neurons,100,26-100,0.504297994269341,0.5169230769230769,0.5072046109510087,0.5086705202312138,0.5149700598802396,0.5100286532951289,,,0.012625082653735964,0.008252556691863089,0.010672065610898618,-0.0019530170428373461,0.005730659025787954,-0.00023527632363939954,,,False,False,False,True,False,True,False,0.3534136546184739,0.88,0.3733333333333333,0.84
preview::GEO_GSE327581_COSMX_AD_BRAIN::Hindbrain.inhibitory.neurons,preview,GEO_GSE327581_COSMX_AD_BRAIN,Hindbrain.inhibitory.neurons,100,26-100,0.4505494505494505,0.4739884393063583,0.4444444444444445,0.4530386740331492,0.4505494505494505,0.4712643678160919,,,0.023438988756907808,0.02094976527320913,0.0,-0.023438988756907808,0.020714917266641375,0.016718913270637403,,,True,False,True,True,False,False,False,0.5,0.41,0.5616438356164384,0.41
preview::GEO_GSE327581_COSMX_AD_BRAIN::Hypendymal,preview,GEO_GSE327581_COSMX_AD_BRAIN,Hypendymal,100,26-100,0.518032786885246,0.5187713310580204,0.513157894736842,0.5148514851485149,0.5114754098360655,0.5182724252491695,,,0.0007385441727744135,0.0007385441727744135,-0.006557377049180468,-0.007295921221954882,0.00023963836392348892,0.00023963836392348892,,,False,False,False,False,False,False,False,0.3853658536585366,0.79,0.3937823834196891,0.76
preview::GEO_GSE327581_COSMX_AD_BRAIN::Inhibitory.interneurons,preview,GEO_GSE327581_COSMX_AD_BRAIN,Inhibitory.interneurons,100,26-100,0.7839195979899497,0.8,0.7918781725888325,0.802030456852792,0.8229166666666666,0.8020833333333334,,,0.016080402010050343,-0.0020304568527919065,0.03899706867671693,0.02088620981387468,0.01816373534338367,-0.008173076923077005,,,False,True,False,True,False,True,False,0.7878787878787878,0.78,0.8210526315789474,0.78
preview::GEO_GSE327581_COSMX_AD_BRAIN::Inhibitory.neurons.amygdala,preview,GEO_GSE327581_COSMX_AD_BRAIN,Inhibitory.neurons.amygdala,100,26-100,0.2622950819672131,0.2203389830508474,0.2622950819672131,0.2644628099173554,0.2314049586776859,0.2644628099173554,,,-0.041956098916365675,-0.04412382686650798,-0.03089012328952717,-0.03305785123966948,0.0021677279501423063,-0.002203856749311228,,,False,False,False,False,True,False,True,0.7272727272727273,0.16,0.7222222222222222,0.13
preview::GEO_GSE327581_COSMX_AD_BRAIN::Inhibitory.neurons.habenula.hypothalamus,preview,GEO_GSE327581_COSMX_AD_BRAIN,Inhibitory.neurons.habenula.hypothalamus,100,26-100,0.3414634146341463,0.3636363636363636,0.3333333333333333,0.3317073170731707,0.3636363636363636,0.3444976076555023,,,0.02217294900221728,0.02217294900221728,0.02217294900221728,0.0,0.003034193021355991,0.003034193021355991,,,True,False,False,True,False,True,False,0.3333333333333333,0.35,0.3486238532110092,0.38
preview::GEO_GSE327581_COSMX_AD_BRAIN::Inhibitory.neurons.habenula.thalamus,preview,GEO_GSE327581_COSMX_AD_BRAIN,Inhibitory.neurons.habenula.thalamus,100,26-100,0.2361111111111111,0.2238805970149253,0.2377622377622377,0.2517482517482518,0.2463768115942029,0.2657342657342657,,,-0.012230514096185807,-0.027867654733326475,0.010265700483091805,-0.005371440154048862,0.02962315462315457,0.015734265734265673,,,False,False,True,False,True,True,False,0.3863636363636363,0.17,0.4411764705882353,0.15
preview::GEO_GSE327581_COSMX_AD_BRAIN::Inhibitory.neurons.reticular.nucleus,preview,GEO_GSE327581_COSMX_AD_BRAIN,Inhibitory.neurons.reticular.nucleus,100,26-100,0.5492957746478873,0.5955882352941176,0.5505226480836238,0.5512367491166077,0.5869565217391305,0.5652173913043479,,,0.04629246064623038,0.04435148617750995,0.03766074709124323,-0.008631713554987153,0.015921616656460635,-0.006211180124223614,,,True,False,False,True,False,True,False,0.4239130434782608,0.78,0.4709302325581395,0.81
preview::GEO_GSE327581_COSMX_AD_BRAIN::Interneuron.selective.interneurons,preview,GEO_GSE327581_COSMX_AD_BRAIN,Interneuron.selective.interneurons,100,26-100,0.3289473684210526,0.2533333333333333,0.3221476510067114,0.326797385620915,0.3076923076923076,0.3401360544217687,,,-0.0756140350877193,-0.0756140350877193,-0.021255060728745,-0.021255060728745,0.011188686000716097,0.0,,,False,False,False,False,True,False,True,0.4807692307692308,0.25,0.38,0.19
preview::GEO_GSE327581_COSMX_AD_BRAIN::Interneurons,preview,GEO_GSE327581_COSMX_AD_BRAIN,Interneurons,100,26-100,0.7582938388625592,0.7179487179487181,0.7677725118483413,0.7511737089201878,0.7692307692307692,0.7788461538461539,,,-0.040345120913841126,-0.049823793899623214,0.010936930368209974,0.0014582573824278855,0.020552314983594666,0.0,,,False,False,False,False,True,True,False,0.7207207207207207,0.8,0.6268656716417911,0.84
preview::GEO_GSE327581_COSMX_AD_BRAIN::Mature.oligodendrocytes,preview,GEO_GSE327581_COSMX_AD_BRAIN,Mature.oligodendrocytes,100,26-100,0.0,0.0,0.0,0.0,0.0194174757281553,0.0,,,0.0,0.0,0.0194174757281553,0.0194174757281553,0.0,0.0,,,False,True,False,False,False,True,False,0.0,0.0,0.0,0.0
preview::GEO_GSE327581_COSMX_AD_BRAIN::Microglia,preview,GEO_GSE327581_COSMX_AD_BRAIN,Microglia,100,26-100,0.616600790513834,0.6192468619246863,0.6190476190476191,0.6117647058823529,0.5803921568627451,0.5900383141762453,,,0.0026460714108522687,0.00019924287706718502,-0.03620863365108884,-0.03885470506194111,-0.02656247633758868,-0.02656247633758868,,,False,False,False,False,False,False,True,0.5098039215686274,0.78,0.5323741007194245,0.74
preview::GEO_GSE327581_COSMX_AD_BRAIN::Myelin.forming.oligodendrocytes,preview,GEO_GSE327581_COSMX_AD_BRAIN,Myelin.forming.oligodendrocytes,100,26-100,0.15,0.1639344262295081,0.1525423728813559,0.135593220338983,0.224,0.1666666666666666,,,0.013934426229508107,0.011392053348152215,0.07400000000000001,0.060065573770491903,0.016666666666666607,0.0,,,True,True,False,True,False,True,False,0.45,0.09,0.4545454545454545,0.1
preview::GEO_GSE327581_COSMX_AD_BRAIN::Neuroblasts,preview,GEO_GSE327581_COSMX_AD_BRAIN,Neuroblasts,100,26-100,0.3108108108108108,0.2773722627737226,0.3066666666666666,0.2937062937062937,0.2797202797202797,0.304635761589404,,,-0.03343854803708818,-0.03343854803708818,-0.031090531090531115,-0.031090531090531115,-0.006175049221406825,-0.006175049221406825,,,False,False,False,False,True,False,True,0.4791666666666667,0.23,0.5135135135135135,0.19
preview::GEO_GSE327581_COSMX_AD_BRAIN::Neurogliaform.cells,preview,GEO_GSE327581_COSMX_AD_BRAIN,Neurogliaform.cells,100,26-100,0.6164383561643836,0.6351351351351351,0.6164383561643836,0.6068965517241379,0.6394557823129251,0.6301369863013699,,,0.018696778970751504,0.018696778970751504,0.02301742614854152,0.004320647177790016,0.013698630136986356,0.004286646165315489,,,True,False,False,True,False,True,False,0.9782608695652174,0.45,0.9791666666666666,0.47
preview::GEO_GSE327581_COSMX_AD_BRAIN::Newly.formed.oligodendrocytes,preview,GEO_GSE327581_COSMX_AD_BRAIN,Newly.formed.oligodendrocytes,100,26-100,0.4477611940298507,0.4122137404580152,0.4511278195488722,0.4444444444444444,0.4511278195488722,0.4558823529411765,,,-0.03554745357183553,-0.038914079090857034,0.0033666255190215044,0.0,0.00812115891132581,-0.0012605042016805568,,,False,False,False,False,True,False,False,0.8823529411764706,0.3,0.8709677419354839,0.27
preview::GEO_GSE327581_COSMX_AD_BRAIN::Olfactory.bulb.inhibitory.neurons,preview,GEO_GSE327581_COSMX_AD_BRAIN,Olfactory.bulb.inhibitory.neurons,100,26-100,0.6319218241042346,0.5798816568047338,0.627831715210356,0.6258064516129034,0.6217948717948718,0.6202531645569621,,,-0.052040167299500784,-0.052040167299500784,-0.01012695230936278,-0.01012695230936278,-0.011668659547272475,-0.02001086184567813,,,False,False,False,False,True,False,True,0.4685990338164251,0.97,0.4117647058823529,0.98
preview::GEO_GSE327581_COSMX_AD_BRAIN::Olfactory.ensheathing.cells,preview,GEO_GSE327581_COSMX_AD_BRAIN,Olfactory.ensheathing.cells,100,26-100,0.373134328358209,0.3851851851851852,0.3703703703703703,0.3609022556390977,0.3941605839416058,0.4,,,0.012050856826976208,0.012050856826976208,0.021026255583396825,0.008975398756420616,0.026865671641791045,0.026865671641791045,,,True,False,True,True,False,True,False,0.7352941176470589,0.25,0.7428571428571429,0.26
preview::GEO_GSE327581_COSMX_AD_BRAIN::Oligodendrocyte.precursor.cells,preview,GEO_GSE327581_COSMX_AD_BRAIN,Oligodendrocyte.precursor.cells,100,26-100,0.7636363636363636,0.7941176470588236,0.767123287671233,0.7636363636363636,0.7649769585253456,0.751131221719457,,,0.030481283422460037,0.02699435938759065,0.001340594888982083,-0.029140688533477954,-0.012505141916906548,-0.012505141916906548,,,True,False,False,True,False,False,False,0.7,0.84,0.7788461538461539,0.81
preview::GEO_GSE327581_COSMX_AD_BRAIN::Peptidergic.neurons,preview,GEO_GSE327581_COSMX_AD_BRAIN,Peptidergic.neurons,100,26-100,0.4903225806451613,0.5283018867924528,0.4871794871794871,0.4871794871794871,0.5128205128205129,0.5324675324675325,,,0.0379793061472915,0.0379793061472915,0.022497932175351565,-0.015481373971939938,0.04214495182237121,0.022913392340144,,,True,False,True,True,False,True,False,0.6909090909090909,0.38,0.711864406779661,0.42
preview::GEO_GSE327581_COSMX_AD_BRAIN::Pericytes,preview,GEO_GSE327581_COSMX_AD_BRAIN,Pericytes,100,26-100,0.5079365079365079,0.4972375690607735,0.5157894736842104,0.505263157894737,0.5161290322580644,0.5193370165745855,,,-0.01069893887573442,-0.018551904623436866,0.008192524321556482,0.0003395585738540374,0.011400508638077622,-0.010392713155144118,,,False,False,False,False,True,False,False,0.5393258426966292,0.48,0.5555555555555556,0.45
preview::GEO_GSE327581_COSMX_AD_BRAIN::Perivascular.macrophages,preview,GEO_GSE327581_COSMX_AD_BRAIN,Perivascular.macrophages,100,26-100,0.183206106870229,0.2251655629139073,0.1984732824427481,0.1984732824427481,0.2043795620437956,0.1818181818181818,,,0.04195945604367829,0.026692280471159208,0.021173455173566585,-0.020786000870111704,-0.001387925052047212,-0.001387925052047212,,,True,False,False,True,False,True,False,0.3870967741935484,0.12,0.3333333333333333,0.17
preview::GEO_GSE327581_COSMX_AD_BRAIN::Purkinje.cells,preview,GEO_GSE327581_COSMX_AD_BRAIN,Purkinje.cells,100,26-100,0.8281938325991189,0.7966101694915254,0.8209606986899562,0.8138528138528137,0.8,0.8138528138528137,,,-0.03158366310759353,-0.03158366310759353,-0.028193832599118895,-0.028193832599118895,-0.014341018746305223,-0.02170274170274178,,,False,False,False,False,True,False,True,0.7401574803149606,0.94,0.6911764705882353,0.94
preview::GEO_GSE327581_COSMX_AD_BRAIN::Radial.glia,preview,GEO_GSE327581_COSMX_AD_BRAIN,Radial.glia,100,26-100,0.08,0.0888888888888888,0.096,0.08,0.0491803278688524,0.0944881889763779,,,0.008888888888888793,-0.007111111111111207,-0.0308196721311476,-0.0468196721311476,0.014488188976377894,0.0,,,False,False,False,False,False,False,True,0.2,0.05,0.1714285714285714,0.06
preview::GEO_GSE327581_COSMX_AD_BRAIN::Serotonergic.neurons,preview,GEO_GSE327581_COSMX_AD_BRAIN,Serotonergic.neurons,100,26-100,0.4857142857142857,0.5205479452054794,0.4792626728110599,0.4780487804878048,0.4694835680751174,0.4903846153846154,,,0.034833659491193714,0.034833659491193714,-0.016230717639168335,-0.05106437713036205,0.004670329670329709,0.004670329670329709,,,True,False,False,True,False,False,True,0.4636363636363636,0.51,0.4789915966386555,0.57
preview::GEO_GSE327581_COSMX_AD_BRAIN::T.cell,preview,GEO_GSE327581_COSMX_AD_BRAIN,T.cell,100,26-100,0.2149532710280373,0.2446808510638298,0.212962962962963,0.2242990654205607,0.2244897959183673,0.2325581395348837,,,0.02972758003579251,0.020381785643269118,0.009536524890329995,-0.020191055145462516,0.017604868506846394,0.013259893920848698,,,True,False,True,True,False,False,False,0.2017543859649122,0.23,0.2613636363636363,0.23
preview::GEO_GSE327581_COSMX_AD_BRAIN::Tanycytes,preview,GEO_GSE327581_COSMX_AD_BRAIN,Tanycytes,100,26-100,0.4025157232704403,0.4177215189873418,0.3949044585987261,0.4025157232704403,0.3926380368098159,0.3875,,,0.015205795716901505,0.015205795716901505,-0.009877686460624369,-0.025083482177525873,-0.015015723270440262,-0.019907407407407263,,,True,False,False,True,False,False,False,0.5423728813559322,0.32,0.5689655172413793,0.33
preview::GEO_GSE327581_COSMX_AD_BRAIN::Telencephalon.inhibitory.neurons,preview,GEO_GSE327581_COSMX_AD_BRAIN,Telencephalon.inhibitory.neurons,100,26-100,0.4916201117318435,0.5966850828729282,0.4886363636363636,0.4916201117318435,0.5792349726775956,0.5303867403314917,,,0.1050649711410847,0.1050649711410847,0.0876148609457521,-0.017450110195332602,0.03876662859964819,-0.0029465930018415243,,,True,False,False,True,False,True,False,0.5569620253164557,0.44,0.6666666666666666,0.54
preview::GEO_GSE327581_COSMX_AD_BRAIN::Vascular.endothelial.cells,preview,GEO_GSE327581_COSMX_AD_BRAIN,Vascular.endothelial.cells,100,26-100,0.5249169435215947,0.5401459854014597,0.5252525252525252,0.5249169435215947,0.5208333333333333,0.5252525252525252,,,0.015229041879865068,0.014893460148934556,-0.004083610188261422,-0.01931265206812649,0.000335581730930512,0.000335581730930512,,,True,False,False,True,False,False,False,0.3930348258706467,0.79,0.425287356321839,0.74
preview::GEO_GSE327581_COSMX_AD_BRAIN::Vascular.leptomeningeal.cells,preview,GEO_GSE327581_COSMX_AD_BRAIN,Vascular.leptomeningeal.cells,100,26-100,0.7236180904522613,0.7149758454106279,0.72,0.7093596059113302,0.7422680412371133,0.72,,,-0.008642245041633467,-0.008642245041633467,0.018649950784851987,0.018649950784851987,-0.0036180904522613577,-0.0036180904522613577,,,False,True,False,False,False,True,False,0.7272727272727273,0.72,0.6915887850467289,0.74
preview::GEO_GSE327581_COSMX_AD_BRAIN::Vascular.smooth.muscle.cells,preview,GEO_GSE327581_COSMX_AD_BRAIN,Vascular.smooth.muscle.cells,100,26-100,0.5874999999999999,0.5662650602409639,0.5911949685534592,0.5949367088607594,0.6134969325153374,0.6086956521739131,,,-0.02123493975903601,-0.028671648619795542,0.025996932515337523,0.01856022365457799,0.02119565217391317,-0.0010604453870625141,,,False,True,False,False,True,True,False,0.7833333333333333,0.47,0.7121212121212122,0.47
preview::GEO_GSE333737_MERSCOPE_PANCREAS_VASCULAR::Endothelial Cells,preview,GEO_GSE333737_MERSCOPE_PANCREAS_VASCULAR,Endothelial Cells,600,501-1000,0.8209285187914518,0.8211920529801325,0.8179148311306901,0.8185840707964602,0.8248337028824834,0.8286140089418778,,,0.0002635341886807474,0.0002635341886807474,0.003905184091031577,0.0036416499023508297,0.0076854901504259665,0.005697342275211126,,,False,False,False,False,False,False,False,0.7357992073976222,0.9283333333333332,0.7351778656126482,0.93
preview::GEO_GSE333737_MERSCOPE_PANCREAS_VASCULAR::Fibroblasts,preview,GEO_GSE333737_MERSCOPE_PANCREAS_VASCULAR,Fibroblasts,600,501-1000,0.7502088554720133,0.754180602006689,0.7460449625312239,0.7493755203996668,0.7445742904841401,0.7508361204013377,,,0.003971746534675691,0.003971746534675691,-0.005634564987873181,-0.009606311522548872,0.0006272649293244115,0.0006272649293244115,,,False,False,False,False,False,False,False,0.7520938023450586,0.7483333333333333,0.7567114093959731,0.7516666666666667
preview::GEO_GSE333737_MERSCOPE_PANCREAS_VASCULAR::Islet-associated Fibroblasts,preview,GEO_GSE333737_MERSCOPE_PANCREAS_VASCULAR,Islet-associated Fibroblasts,600,501-1000,0.7490974729241876,0.7466185752930569,0.7447774750227066,0.7438914027149323,0.7450628366247756,0.7457627118644068,,,-0.0024788976311307387,-0.0024788976311307387,-0.004034636299412031,-0.004034636299412031,-0.003334761059780811,-0.003334761059780811,,,False,False,False,False,False,False,False,0.8169291338582677,0.6916666666666667,0.8133595284872298,0.69
preview::GEO_GSE333737_MERSCOPE_PANCREAS_VASCULAR::Pericytes,preview,GEO_GSE333737_MERSCOPE_PANCREAS_VASCULAR,Pericytes,600,501-1000,0.7065026362038666,0.698943661971831,0.7024647887323945,0.6977152899824253,0.7048458149779735,0.7046450482033304,,,-0.0075589742320355535,-0.0075589742320355535,-0.001656821225893057,-0.001656821225893057,-0.0018575880005361478,-0.0018575880005361478,,,False,False,False,False,False,False,False,0.7472118959107806,0.67,0.7406716417910447,0.6616666666666666
preview::GSE202623_LESION::Astrocytes,preview,GSE202623_LESION,Astrocytes,387,101-500,0.9006451612903226,0.9041450777202072,0.9034749034749034,0.896551724137931,0.8894601542416453,0.8994845360824743,,,0.0034999164298846752,0.0006701742453038007,-0.011185007048677309,-0.014684923478561984,-0.0011606252078483204,-0.0011606252078483204,,,False,False,False,False,False,False,True,0.8994845360824743,0.9018087855297158,0.9064935064935064,0.9018087855297158
preview::GSE202623_LESION::Endothelial,preview,GSE202623_LESION,Endothelial,65,26-100,0.5700934579439253,0.6519337016574585,0.5825242718446603,0.5687203791469193,0.6,0.5581395348837209,,,0.08184024371353316,0.06940942981279818,0.02990654205607468,-0.051933701657458475,-0.011953923060204374,-0.011953923060204374,,,True,False,False,True,False,True,False,0.4093959731543624,0.9384615384615383,0.5086206896551724,0.9076923076923076
preview::GSE202623_LESION::Microglia,preview,GSE202623_LESION,Microglia,1267,>1000,0.7207565953210552,0.7380835380835382,0.7296094908551656,0.7270926201089647,0.7268220128904312,0.7172827172827173,,,0.017326942762483033,0.008474047228372639,0.006065417569376064,-0.01126152519310697,-0.0034738780383378742,-0.0034738780383378742,,,False,False,False,True,False,False,False,0.9757412398921832,0.5714285714285714,0.9778645833333334,0.5927387529597474
preview::GSE202623_LESION::OPCs,preview,GSE202623_LESION,OPCs,105,101-500,0.5934718100890207,0.5609065155807366,0.5970149253731344,0.6042296072507554,0.6042296072507554,0.6024096385542168,,,-0.03256529450828416,-0.0433230916700188,0.010757797161734639,0.0,0.008937828465196085,0.0,,,False,False,False,False,True,True,False,0.4310344827586206,0.9523809523809524,0.3991935483870967,0.9428571428571428
preview::GSE202623_LESION::Oligodendrocyte,preview,GSE202623_LESION,Oligodendrocyte,506,501-1000,0.8586497890295359,0.872651356993737,0.8701161562829989,0.8589473684210526,0.869198312236287,0.8637316561844863,,,0.014001567964201045,0.0025352007107380947,0.010548523206751037,-0.003453044757450008,0.0050818671549504035,0.0014813933033085425,,,False,False,False,True,False,True,False,0.920814479638009,0.8043478260869565,0.9247787610619468,0.8260869565217391
preview::GSE202623_LESION::Pericytes,preview,GSE202623_LESION,Pericytes,31,26-100,0.4444444444444445,0.4536082474226804,0.42,0.4313725490196078,0.4489795918367347,0.4444444444444445,,,0.009163802978235935,0.009163802978235935,0.0045351473922902175,-0.004628655585945718,0.0,0.0,,,False,False,False,False,False,False,False,0.3235294117647059,0.7096774193548387,0.3333333333333333,0.7096774193548387
preview::GSE202623_LESION::T-cells,preview,GSE202623_LESION,T-cells,87,26-100,0.4250871080139372,0.4115523465703971,0.4055944055944055,0.4295774647887324,0.4152249134948096,0.4192439862542955,,,-0.0135347614435401,-0.0180251182183353,-0.009862194519127565,-0.014352551293922766,-0.0058431217596416896,-0.0058431217596416896,,,False,False,False,False,True,False,False,0.305,0.7011494252873564,0.3,0.6551724137931034
preview::GSE202623_LESION::VLMC,preview,GSE202623_LESION,VLMC,37,26-100,0.1727574750830564,0.1818181818181818,0.1756756756756756,0.1793103448275862,0.174757281553398,0.1794019933554817,,,0.009060706735125407,0.002507836990595591,0.0019998064703416196,-0.007060900264783787,0.0066445182724253204,0.006068660022148398,,,False,False,False,False,False,False,False,0.0984848484848484,0.7027027027027027,0.1038461538461538,0.7297297297297297
preview::SQUIDPY_IMC::CK low HR low tumor cell,preview,SQUIDPY_IMC,CK low HR low tumor cell,48,26-100,0.1767441860465116,0.1658536585365853,0.1588785046728972,0.1611374407582938,0.167487684729064,0.160377358490566,,,-0.010890527509926307,-0.010890527509926307,-0.009256501317447596,-0.009256501317447596,-0.016366827555945596,-0.016366827555945596,,,False,False,False,False,True,False,False,0.1137724550898203,0.3958333333333333,0.10828025477707,0.3541666666666667
preview::SQUIDPY_IMC::CK+ HR+ tumor cell,preview,SQUIDPY_IMC,CK+ HR+ tumor cell,69,26-100,0.4413145539906103,0.4637681159420289,0.4413145539906103,0.4563106796116505,0.4285714285714286,0.4558139534883721,,,0.022453561951418566,0.007457436330378375,-0.012743125419181711,-0.03519668737060028,0.0144993994977618,0.01136950904392764,,,False,False,True,True,False,False,True,0.3263888888888889,0.6811594202898551,0.3478260869565217,0.6956521739130435
preview::SQUIDPY_IMC::T cells,preview,SQUIDPY_IMC,T cells,290,101-500,0.2550724637681159,0.2507288629737609,0.2448979591836734,0.2543352601156069,0.2528735632183908,0.1933534743202416,,,-0.004343600794354974,-0.004343600794354974,-0.0021989005497251024,-0.0021989005497251024,-0.06171898944787427,-0.06171898944787427,,,False,False,False,False,False,False,False,0.8,0.1517241379310344,0.8113207547169812,0.1482758620689655
preview::SQUIDPY_IMC::apoptotic tumor cell,preview,SQUIDPY_IMC,apoptotic tumor cell,300,101-500,0.3068493150684931,0.3163538873994638,0.2936288088642659,0.3027027027027027,0.4040920716112532,0.3404255319148936,,,0.009504572330970684,0.009504572330970684,0.0972427565427601,0.08773818421178942,0.0335762168464005,-0.0025823836523886645,,,False,True,False,False,False,True,False,0.8615384615384616,0.1866666666666666,0.8082191780821918,0.1966666666666666
preview::SQUIDPY_IMC::basal CK tumor cell,preview,SQUIDPY_IMC,basal CK tumor cell,300,101-500,0.673728813559322,0.6694560669456068,0.6721649484536082,0.670859538784067,0.680672268907563,0.6977687626774848,,,-0.004272746613715239,-0.004272746613715239,0.006943455348241034,0.006943455348241034,0.024039949118162762,-0.005261540352818228,,,False,False,False,False,False,False,False,0.9244186046511628,0.53,0.898876404494382,0.5333333333333333
preview::SQUIDPY_IMC::endothelial,preview,SQUIDPY_IMC,endothelial,83,26-100,0.551440329218107,0.5425101214574899,0.5560165975103735,0.5726141078838174,0.5551020408163265,0.5407407407407406,,,-0.008930207760617148,-0.0301039864263275,0.003661711598219486,-0.017512067067490866,-0.010699588477366406,-0.021759259259259478,,,False,False,False,False,False,False,False,0.41875,0.8072289156626506,0.4085365853658536,0.8072289156626506
preview::SQUIDPY_IMC::macrophages,preview,SQUIDPY_IMC,macrophages,227,101-500,0.6445497630331753,0.6318289786223278,0.6462264150943396,0.6442307692307693,0.6255924170616115,0.641255605381166,,,-0.012720784410847563,-0.01439743647201186,-0.018957345971563844,-0.02063399803272814,-0.003294157652009355,-0.0037559955469083084,,,False,False,False,False,True,False,True,0.6974358974358974,0.5991189427312775,0.6855670103092784,0.5859030837004405
preview::SQUIDPY_IMC::p53+ EGFR+ tumor cell,preview,SQUIDPY_IMC,p53+ EGFR+ tumor cell,158,101-500,0.0119760479041916,0.0121212121212121,0.0119047619047619,0.0,0.0119047619047619,0.034090909090909,,,0.00014516421702050024,0.00014516421702050024,-7.128599942969951e-05,-0.00021645021645019975,0.022114861186717398,0.011363636363636298,,,False,False,True,False,False,False,False,0.1111111111111111,0.0063291139240506,0.1428571428571428,0.0063291139240506
preview::SQUIDPY_IMC::proliferative tumor cell,preview,SQUIDPY_IMC,proliferative tumor cell,110,101-500,0.2571428571428571,0.2540322580645161,0.268595041322314,0.2601626016260163,0.2703862660944206,0.2764578833693304,,,-0.003110599078340992,-0.014562783257797862,0.013243408951563507,0.0017912247721066366,0.019315026226473297,-0.0018029861958869797,,,False,False,False,False,False,True,False,0.1657894736842105,0.5727272727272728,0.1632124352331606,0.5727272727272728
preview::SQUIDPY_IMC::small elongated stromal cell,preview,SQUIDPY_IMC,small elongated stromal cell,83,26-100,0.303030303030303,0.3,0.3172804532577903,0.3038674033149172,0.2958904109589041,0.3081761006289308,,,-0.0030303030303029943,-0.017280453257790318,-0.007139892071398868,-0.02139004229888619,0.0051457975986278215,-0.004508265152780078,,,False,False,False,False,False,False,False,0.1964285714285714,0.6626506024096386,0.1949458483754512,0.6506024096385542
preview::SQUIDPY_IMC::vimentin hi stromal cell,preview,SQUIDPY_IMC,vimentin hi stromal cell,76,26-100,0.3937823834196891,0.3937823834196891,0.3762376237623762,0.41,0.3917525773195875,0.3617021276595744,,,0.0,-0.0162176165803109,-0.002029806100101561,-0.018247422680412462,-0.032080255760114695,-0.032080255760114695,,,False,False,False,False,False,False,False,0.3247863247863248,0.5,0.3247863247863248,0.5
preview::SQUIDPY_MERFISH::Astrocyte,preview,SQUIDPY_MERFISH,Astrocyte,300,101-500,0.8533333333333333,0.8571428571428571,0.8520710059171598,0.8533333333333333,0.8545994065281898,0.8579970104633782,,,0.003809523809523818,0.003809523809523818,0.0012660731948564985,-0.0025434506146673197,0.0046636771300448965,0.002127768264269858,,,False,False,False,False,False,False,False,0.768,0.96,0.7741935483870968,0.96
preview::SQUIDPY_MERFISH::Endothelial 1,preview,SQUIDPY_MERFISH,Endothelial 1,300,101-500,0.8343195266272189,0.8392857142857143,0.8330871491875923,0.8294117647058823,0.8430493273542602,0.8545454545454546,,,0.004966187658495436,0.004966187658495436,0.008729800727041326,0.00376361306854589,0.020225927918235742,0.0,,,False,False,False,False,False,False,False,0.75,0.94,0.7580645161290323,0.94
preview::SQUIDPY_MERFISH::Endothelial 2,preview,SQUIDPY_MERFISH,Endothelial 2,300,101-500,0.7066115702479339,0.7389558232931727,0.7066115702479339,0.7145790554414784,0.732394366197183,0.752988047808765,,,0.0323442530452388,0.024376767851694292,0.02578279594924915,-0.006561457095989653,0.046376477560831186,0.01698804780876495,,,True,False,True,True,False,True,False,0.9293478260869564,0.57,0.9292929292929292,0.6133333333333333
preview::SQUIDPY_MERFISH::Endothelial 3,preview,SQUIDPY_MERFISH,Endothelial 3,300,101-500,0.826241134751773,0.8256227758007118,0.827708703374778,0.823529411764706,0.8324514991181658,0.8400702987697714,,,-0.0006183589510612153,-0.0020859275740662264,0.006210364366392884,0.004742795743387873,0.013829164017998385,-0.004452669428108513,,,False,False,False,False,False,False,False,0.8825757575757576,0.7766666666666666,0.8854961832061069,0.7733333333333333
preview::SQUIDPY_MERFISH::Ependymal,preview,SQUIDPY_MERFISH,Ependymal,300,101-500,0.9688013136288998,0.9672131147540984,0.9671052631578948,0.9686985172981878,0.9672131147540984,0.9673202614379084,,,-0.0015881988748013276,-0.0015881988748013276,-0.0015881988748013276,-0.0015881988748013276,-0.001481052190991372,-0.001481052190991372,,,False,False,False,False,False,False,False,0.9546925566343042,0.9833333333333332,0.9516129032258064,0.9833333333333332
preview::SQUIDPY_MERFISH::Excitatory,preview,SQUIDPY_MERFISH,Excitatory,300,101-500,0.8460342146189735,0.846875,0.8460342146189735,0.8486739469578783,0.8508634222919936,0.846875,,,0.0008407853810264987,-0.0017989469578783002,0.004829207673020086,0.0021894753341152873,0.0008407853810264987,-0.0039884222919935874,,,False,False,False,False,False,False,False,0.793002915451895,0.9066666666666666,0.7970588235294118,0.9033333333333332
preview::SQUIDPY_MERFISH::Inhibitory,preview,SQUIDPY_MERFISH,Inhibitory,300,101-500,0.811292719167905,0.8100890207715133,0.8107302533532041,0.8059259259259258,0.8136094674556212,0.8113772455089822,,,-0.0012036983963916725,-0.0012036983963916725,0.0023167482877162193,0.0023167482877162193,8.452634107714019e-05,-0.0053142597071133,,,False,False,False,False,False,False,False,0.7319034852546917,0.91,0.7299465240641712,0.91
preview::SQUIDPY_MERFISH::Microglia,preview,SQUIDPY_MERFISH,Microglia,300,101-500,0.8688524590163934,0.8741721854304636,0.867430441898527,0.8688524590163934,0.8745874587458746,0.8712871287128714,,,0.005319726414070192,0.005319726414070192,0.005734999729481216,0.0004152733154110244,0.002434669696477987,0.002434669696477987,,,False,False,False,False,False,False,False,0.8548387096774194,0.8833333333333333,0.868421052631579,0.88
preview::SQUIDPY_MERFISH::OD Immature 1,preview,SQUIDPY_MERFISH,OD Immature 1,300,101-500,0.8960573476702509,0.8940754039497307,0.8960573476702509,0.8940754039497307,0.8940754039497307,0.8976660682226212,,,-0.001981943720520185,-0.001981943720520185,-0.001981943720520185,-0.001981943720520185,0.0016087205523702686,-0.007521767197772422,,,False,False,False,False,False,False,False,0.9689922480620154,0.8333333333333334,0.9688715953307392,0.83
preview::SQUIDPY_MERFISH::OD Immature 2,preview,SQUIDPY_MERFISH,OD Immature 2,91,26-100,0.484375,0.4923076923076923,0.484375,0.484375,0.4885496183206107,0.5294117647058824,,,0.00793269230769228,0.00793269230769228,0.0041746183206107235,-0.003758073987081556,0.04503676470588236,-0.021312872975277064,,,False,False,False,False,False,False,False,0.8378378378378378,0.3406593406593406,0.8205128205128205,0.3516483516483517
preview::SQUIDPY_MERFISH::OD Mature 1,preview,SQUIDPY_MERFISH,OD Mature 1,300,101-500,0.39119804400978,0.3851851851851852,0.3891625615763546,0.4228028503562946,0.3811881188118812,0.3932853717026379,,,-0.006012858824594791,-0.03761766517110943,-0.010009925197898784,-0.04161473154441342,0.00208732769285791,-0.04231181799291239,,,False,False,False,False,False,False,True,0.7339449541284404,0.2666666666666666,0.7428571428571429,0.26
preview::SQUIDPY_MERFISH::OD Mature 2,preview,SQUIDPY_MERFISH,OD Mature 2,300,101-500,0.6,0.6069518716577541,0.6055555555555556,0.6127659574468085,0.6024096385542169,0.5849335302806499,,,0.006951871657754127,-0.005814085789054402,0.002409638554216942,-0.010356318892591587,-0.015066469719350106,-0.032536349237422435,,,False,False,False,False,False,False,False,0.5093023255813953,0.73,0.5066964285714286,0.7566666666666667
preview::SQUIDPY_MERFISH::OD Mature 3,preview,SQUIDPY_MERFISH,OD Mature 3,39,26-100,0.3870967741935484,0.4186046511627906,0.3636363636363636,0.3829787234042553,0.4,0.3302752293577982,,,0.03150787696924223,0.03150787696924223,0.012903225806451646,-0.018604651162790586,-0.05682154483575019,-0.05682154483575019,,,True,False,False,True,False,True,False,0.2448979591836734,0.9230769230769232,0.2706766917293233,0.9230769230769232
preview::SQUIDPY_MERFISH::OD Mature 4,preview,SQUIDPY_MERFISH,OD Mature 4,300,101-500,0.802841918294849,0.801418439716312,0.7985865724381626,0.8,0.8007181328545782,0.8069565217391305,,,-0.0014234785785369741,-0.0014234785785369741,-0.002123785440270809,-0.002123785440270809,0.004114603444281495,-0.013733133433283307,,,False,False,False,False,False,False,False,0.8593155893536122,0.7533333333333333,0.8560606060606061,0.7533333333333333
preview::SQUIDPY_MERFISH::Pericytes,preview,SQUIDPY_MERFISH,Pericytes,300,101-500,0.8550724637681159,0.8514492753623188,0.8529945553539019,0.8545454545454546,0.8503649635036497,0.8664259927797834,,,-0.0036231884057970065,-0.0036231884057970065,-0.004707500264466202,-0.004707500264466202,0.01135352901166753,0.005164731518522148,,,False,False,False,False,False,False,False,0.9365079365079364,0.7866666666666666,0.9325396825396826,0.7833333333333333
preview::SQUIDPY_MIBITOF::Endothelial,preview,SQUIDPY_MIBITOF,Endothelial,115,101-500,0.599406528189911,0.6036585365853658,0.5821325648414986,0.6084337349397592,0.6024096385542168,0.6029850746268657,,,0.004252008395454809,-0.0047751983543933285,0.0030031103643057833,-0.006024096385542355,0.003578546436954655,0.003578546436954655,,,False,False,False,False,False,False,False,0.4549549549549549,0.8782608695652174,0.4647887323943662,0.8608695652173913
preview::SQUIDPY_MIBITOF::Epithelial,preview,SQUIDPY_MIBITOF,Epithelial,300,101-500,0.7713125845737483,0.7599999999999999,0.753968253968254,0.7636849132176236,0.7644683714670255,0.7624161073825504,,,-0.011312584573748397,-0.011312584573748397,-0.006844213106722785,-0.006844213106722785,-0.008896477191197905,-0.026073101250543185,,,False,False,False,False,True,False,False,0.6492027334851936,0.95,0.6333333333333333,0.95
preview::SQUIDPY_MIBITOF::Fibroblast,preview,SQUIDPY_MIBITOF,Fibroblast,270,101-500,0.6479338842975206,0.6612641815235007,0.6287625418060201,0.672077922077922,0.6611570247933883,0.6688632619439869,,,0.013330297225980114,-0.010813740554421303,0.013223140495867702,-0.010920897284533715,0.020929377646466296,-2.1929403766884903e-05,,,False,False,False,True,False,True,False,0.5850746268656717,0.725925925925926,0.5878962536023055,0.7555555555555555
preview::SQUIDPY_MIBITOF::Imm_other,preview,SQUIDPY_MIBITOF,Imm_other,300,101-500,0.2846153846153846,0.2601941747572815,0.2579365079365079,0.2846153846153846,0.2723735408560311,0.2824858757062147,,,-0.024421209858103088,-0.024421209858103088,-0.012241843759353499,-0.012241843759353499,-0.002129508909169908,-0.002706080418099721,,,False,False,False,False,True,False,True,0.3363636363636363,0.2466666666666666,0.3116279069767442,0.2233333333333333
preview::SQUIDPY_MIBITOF::Myeloid_CD11c,preview,SQUIDPY_MIBITOF,Myeloid_CD11c,168,101-500,0.3003412969283276,0.2857142857142857,0.2933333333333333,0.295774647887324,0.2920634920634921,0.2819672131147541,,,-0.014627011214041918,-0.014627011214041918,-0.008277804864835536,-0.008277804864835536,-0.018374083813573527,-0.018374083813573527,,,False,False,False,False,True,False,False,0.352,0.2619047619047619,0.3233082706766917,0.2559523809523809
preview::SQUIDPY_MIBITOF::Myeloid_CD68,preview,SQUIDPY_MIBITOF,Myeloid_CD68,259,101-500,0.5415860735009672,0.5229540918163673,0.5291828793774318,0.5440313111545989,0.5150905432595574,0.5139442231075697,,,-0.018631981684599896,-0.02107721933823159,-0.026495530241409826,-0.02894076789504152,-0.027641850393397505,-0.027641850393397505,,,False,False,False,False,True,False,True,0.5426356589147286,0.5405405405405406,0.5413223140495868,0.5057915057915058
preview::SQUIDPY_MIBITOF::Tcell_CD4,preview,SQUIDPY_MIBITOF,Tcell_CD4,300,101-500,0.3277108433734939,0.3285024154589371,0.3188405797101449,0.3230403800475059,0.323671497584541,0.348235294117647,,,0.0007915720854432262,0.0007915720854432262,-0.004039345788952875,-0.004830917874396101,0.0205244507441531,-0.03812834224598932,,,False,False,False,False,False,False,False,0.591304347826087,0.2266666666666666,0.5964912280701754,0.2266666666666666
preview::SQUIDPY_MIBITOF::Tcell_CD8,preview,SQUIDPY_MIBITOF,Tcell_CD8,300,101-500,0.6622073578595319,0.6655518394648828,0.653130287648054,0.646362098138748,0.6622516556291391,0.6585365853658537,,,0.0033444816053509463,0.0033444816053509463,4.429776960723775e-05,-0.0033001838357437085,-0.0036707724936781982,-0.0036707724936781982,,,False,False,False,False,False,False,False,0.6644295302013423,0.66,0.6677852348993288,0.6633333333333333
preview::SQUIDPY_SEQFISH::Allantois,preview,SQUIDPY_SEQFISH,Allantois,77,26-100,0.2146892655367231,0.2333333333333333,0.2222222222222222,0.2159090909090908,0.2346368715083799,0.2333333333333333,,,0.01864406779661021,0.0111111111111111,0.01994760597165679,0.0013035381750465813,0.01864406779661021,-0.002621722846441882,,,True,False,False,True,False,True,False,0.19,0.2467532467532467,0.203883495145631,0.2727272727272727
preview::SQUIDPY_SEQFISH::Anterior somitic tissues,preview,SQUIDPY_SEQFISH,Anterior somitic tissues,112,101-500,0.2819383259911894,0.2641509433962264,0.2831858407079646,0.2807017543859649,0.2946428571428571,0.296943231441048,,,-0.017787382594962986,-0.019034897311738186,0.012704531151667697,0.011457016434892497,0.015004905449858608,-0.0047809064899864695,,,False,True,False,False,True,True,False,0.2782608695652174,0.2857142857142857,0.28,0.25
preview::SQUIDPY_SEQFISH::Cardiomyocytes,preview,SQUIDPY_SEQFISH,Cardiomyocytes,300,101-500,0.9211356466876972,0.9178294573643412,0.9230769230769232,0.9173166926677068,0.9230769230769232,0.9289099526066352,,,-0.0033061893233560236,-0.005247465712582056,0.001941276389226032,0.0,0.007774305918938018,0.0,,,False,False,False,False,False,False,False,0.874251497005988,0.9733333333333334,0.8579710144927536,0.9866666666666668
preview::SQUIDPY_SEQFISH::Cranial mesoderm,preview,SQUIDPY_SEQFISH,Cranial mesoderm,300,101-500,0.8025889967637541,0.8013136288998357,0.8038897893030794,0.8038897893030794,0.8032258064516129,0.8038897893030794,,,-0.001275367863918353,-0.00257616040324371,0.0006368096878588414,-0.0006639828514665158,0.0013007925393253572,0.0013007925393253572,,,False,False,False,False,False,False,False,0.779874213836478,0.8266666666666667,0.7896440129449838,0.8133333333333334
preview::SQUIDPY_SEQFISH::Definitive endoderm,preview,SQUIDPY_SEQFISH,Definitive endoderm,213,101-500,0.7958333333333332,0.807531380753138,0.7974947807933195,0.8016877637130803,0.7983367983367983,0.7934560327198364,,,0.011698047419804847,0.005843617040057758,0.0025034650034650996,-0.009194582416339747,-0.0023773006134967245,-0.00821411341795053,,,False,False,False,True,False,False,False,0.7153558052434457,0.8967136150234741,0.7283018867924528,0.9061032863849764
preview::SQUIDPY_SEQFISH::Dermomyotome,preview,SQUIDPY_SEQFISH,Dermomyotome,300,101-500,0.4500745156482861,0.4766355140186916,0.4500745156482861,0.4534534534534534,0.4518072289156626,0.4590163934426229,,,0.026560998370405486,0.023182060565238194,0.0017327132673765067,-0.02482828510302898,0.008941877794336806,0.006920585059389417,,,True,False,False,True,False,False,False,0.4070080862533692,0.5033333333333333,0.4473684210526316,0.51
preview::SQUIDPY_SEQFISH::Endothelium,preview,SQUIDPY_SEQFISH,Endothelium,300,101-500,0.6220735785953178,0.5719489981785063,0.6205733558178752,0.6195286195286195,0.6133333333333333,0.6210350584307178,,,-0.05012458041681145,-0.05012458041681145,-0.00874024526198447,-0.00874024526198447,-0.001038520164599932,-0.006871918313468228,,,False,False,False,False,True,False,False,0.6241610738255033,0.62,0.6305220883534136,0.5233333333333333
preview::SQUIDPY_SEQFISH::Erythroid,preview,SQUIDPY_SEQFISH,Erythroid,300,101-500,0.899248120300752,0.94770206022187,0.9157733537519142,0.9006024096385542,0.9129770992366412,0.9157733537519142,,,0.04845393992111802,0.031928706469955825,0.013728978935889202,-0.034724960985228814,0.01652523345116219,0.015170944113359952,,,True,False,True,True,False,True,False,0.8191780821917808,0.9966666666666668,0.9033232628398792,0.9966666666666668
preview::SQUIDPY_SEQFISH::Forebrain/Midbrain/Hindbrain,preview,SQUIDPY_SEQFISH,Forebrain/Midbrain/Hindbrain,300,101-500,0.8183254344391786,0.8279069767441859,0.8275862068965518,0.8214849921011058,0.8188976377952756,0.8233438485804416,,,0.009581542305007296,0.00032076984763407257,0.0005722033560969786,-0.009009338948910317,0.005018414141263028,0.005018414141263028,,,False,False,False,False,False,False,False,0.7777777777777778,0.8633333333333333,0.7739130434782608,0.89
preview::SQUIDPY_SEQFISH::Gut tube,preview,SQUIDPY_SEQFISH,Gut tube,300,101-500,0.7836456558773425,0.8125,0.7842465753424657,0.7925801011804384,0.7808219178082192,0.7855917667238422,,,0.028854344122657527,0.019919898819561577,-0.0028237380691232827,-0.03167808219178081,0.00194611084649976,-0.0020794661528701353,,,True,False,False,True,False,False,False,0.8013937282229965,0.7666666666666667,0.8478260869565217,0.78
preview::SQUIDPY_SEQFISH::Haematoendothelial progenitors,preview,SQUIDPY_SEQFISH,Haematoendothelial progenitors,300,101-500,0.466786355475763,0.4670050761421319,0.4695340501792114,0.4689165186500887,0.4500907441016334,0.4584837545126354,,,0.00021872066636885457,-0.0025289740370795233,-0.016695611374129615,-0.019443306077577993,-0.008302600963127627,-0.008302600963127627,,,False,False,False,False,False,False,True,0.5058365758754864,0.4333333333333333,0.4742268041237113,0.46
preview::SQUIDPY_SEQFISH::Intermediate mesoderm,preview,SQUIDPY_SEQFISH,Intermediate mesoderm,300,101-500,0.3171247357293869,0.3169164882226981,0.3171247357293869,0.3184713375796178,0.3169164882226981,0.3312101910828025,,,-0.00020824750668879677,-0.0015548493569197408,-0.00020824750668879677,-0.0015548493569197408,0.014085455353415599,-0.001430141557530129,,,False,False,False,False,False,False,False,0.4335260115606936,0.25,0.4431137724550898,0.2466666666666666
preview::SQUIDPY_SEQFISH::Lateral plate mesoderm,preview,SQUIDPY_SEQFISH,Lateral plate mesoderm,300,101-500,0.6124818577648767,0.6228070175438596,0.6107091172214183,0.6178623718887262,0.6182873730043541,0.6118326118326118,,,0.01032515977898285,0.004944645655133417,0.005805515239477366,-0.004519644539505485,-0.0006492459322648969,-0.0006492459322648969,,,False,False,False,True,False,False,False,0.5424164524421594,0.7033333333333334,0.5546875,0.71
preview::SQUIDPY_SEQFISH::Mixed mesenchymal mesoderm,preview,SQUIDPY_SEQFISH,Mixed mesenchymal mesoderm,300,101-500,0.7175843694493783,0.7050359712230216,0.7056737588652482,0.7096774193548386,0.7234042553191491,0.7145421903052064,,,-0.012548398226356672,-0.012548398226356672,0.00581988586977078,0.00581988586977078,-0.0030421791441719304,-0.0030421791441719304,,,False,False,False,False,True,False,False,0.7680608365019012,0.6733333333333333,0.765625,0.6533333333333333
preview::SQUIDPY_SEQFISH::NMP,preview,SQUIDPY_SEQFISH,NMP,109,101-500,0.1916666666666666,0.2047244094488188,0.1916666666666666,0.1848739495798319,0.1893004115226337,0.1974248927038626,,,0.013057742782152215,0.013057742782152215,-0.0023662551440329083,-0.015423997926185123,0.0057582260371960015,0.0033320656996431997,,,True,False,False,True,False,False,False,0.1755725190839694,0.2110091743119266,0.1793103448275862,0.2385321100917431
preview::SQUIDPY_SEQFISH::Neural crest,preview,SQUIDPY_SEQFISH,Neural crest,300,101-500,0.805704099821747,0.8216783216783216,0.807829181494662,0.807829181494662,0.8113879003558718,0.8146853146853145,,,0.0159742218565746,0.01384914018365957,0.005683800534124872,-0.010290421322449728,0.00898121486356751,0.00898121486356751,,,True,False,False,True,False,False,False,0.8659003831417624,0.7533333333333333,0.8639705882352942,0.7833333333333333
preview::SQUIDPY_SEQFISH::Presomitic mesoderm,preview,SQUIDPY_SEQFISH,Presomitic mesoderm,300,101-500,0.4472049689440994,0.5724907063197026,0.4634146341463414,0.4693877551020408,0.4708249496981891,0.4817813765182186,,,0.12528573737560317,0.10310295121766178,0.02361998075408972,-0.10166575662151345,0.03457640757411923,0.019613687356664522,,,True,False,True,True,False,True,False,0.5901639344262295,0.36,0.6470588235294118,0.5133333333333333
preview::SQUIDPY_SEQFISH::Sclerotome,preview,SQUIDPY_SEQFISH,Sclerotome,78,26-100,0.277992277992278,0.2777777777777777,0.2758620689655172,0.2769230769230769,0.275092936802974,0.2769230769230769,,,-0.00021450021450031276,-0.00021450021450031276,-0.0028993411893040166,-0.0028993411893040166,-0.001069201069201109,-0.001069201069201109,,,False,False,False,False,False,False,False,0.1988950276243093,0.4615384615384615,0.1904761904761904,0.5128205128205128
preview::SQUIDPY_SEQFISH::Spinal cord,preview,SQUIDPY_SEQFISH,Spinal cord,300,101-500,0.4399999999999999,0.4404040404040404,0.4448897795591182,0.4514851485148515,0.4578313253012048,0.4668008048289738,,,0.00040404040404051766,-0.011081108110811089,0.017831325301204903,0.006346176786353297,0.0268008048289739,0.01922015966768348,,,False,False,True,False,False,True,False,0.55,0.3666666666666666,0.558974358974359,0.3633333333333333
preview::SQUIDPY_SEQFISH::Splanchnic mesoderm,preview,SQUIDPY_SEQFISH,Splanchnic mesoderm,300,101-500,0.7927031509121061,0.8087248322147651,0.7953410981697171,0.7927031509121061,0.8080133555926545,0.8046357615894039,,,0.01602168130265902,0.013383734045048001,0.015310204680548445,-0.0007114766221105739,0.011932610677297784,0.011932610677297784,,,True,False,True,True,False,True,False,0.7887788778877888,0.7966666666666666,0.8141891891891891,0.8033333333333333
preview::SQUIDPY_SEQFISH::Surface ectoderm,preview,SQUIDPY_SEQFISH,Surface ectoderm,300,101-500,0.8178571428571428,0.8280701754385965,0.8228980322003578,0.815742397137746,0.8178571428571428,0.8216216216216216,,,0.010213032581453674,0.005172143238238669,0.0,-0.010213032581453674,0.003764478764478718,0.0,,,False,False,False,True,False,False,False,0.8807692307692307,0.7633333333333333,0.8740740740740741,0.7866666666666666
preview::SQUIDPY_SLIDESEQV2::Astrocytes,preview,SQUIDPY_SLIDESEQV2,Astrocytes,200,101-500,0.4046511627906977,0.4028103044496487,0.4055944055944056,0.397196261682243,0.3981042654028436,0.4018475750577366,,,-0.0018408583410489676,-0.002784101144756912,-0.006546897387854078,-0.0074901401915620225,-0.002803587732961077,-0.002803587732961077,,,False,False,False,False,False,False,False,0.3782608695652174,0.435,0.3788546255506608,0.43
preview::SQUIDPY_SLIDESEQV2::CA1_CA2_CA3_Subiculum,preview,SQUIDPY_SLIDESEQV2,CA1_CA2_CA3_Subiculum,200,101-500,0.3785310734463276,0.3774647887323943,0.3724928366762178,0.3728813559322034,0.3703703703703704,0.3625730994152046,,,-0.0010662847139332743,-0.0010662847139332743,-0.008160703075957176,-0.008160703075957176,-0.01595797403112298,-0.01595797403112298,,,False,False,False,False,False,False,False,0.435064935064935,0.335,0.432258064516129,0.335
preview::SQUIDPY_SLIDESEQV2::DentatePyramids,preview,SQUIDPY_SLIDESEQV2,DentatePyramids,200,101-500,0.245125348189415,0.2506963788300835,0.25,0.2575342465753425,0.2644628099173553,0.2699724517906336,,,0.005571030640668495,-0.006837867745259019,0.01933746172794032,0.006928563342012806,0.024847103601218612,0.01154548549849882,,,False,False,True,False,False,True,False,0.2767295597484276,0.22,0.2830188679245283,0.225
preview::SQUIDPY_SLIDESEQV2::Endothelial_Stalk,preview,SQUIDPY_SLIDESEQV2,Endothelial_Stalk,200,101-500,0.251497005988024,0.2469879518072289,0.244047619047619,0.2462462462462462,0.2574850299401197,0.2402402402402402,,,-0.004509054180795086,-0.004509054180795086,0.005988023952095689,0.005988023952095689,-0.011256765747783781,-0.014197629582244964,,,False,False,False,False,False,False,False,0.3134328358208955,0.21,0.3106060606060606,0.205
preview::SQUIDPY_SLIDESEQV2::Endothelial_Tip,preview,SQUIDPY_SLIDESEQV2,Endothelial_Tip,200,101-500,0.3618090452261306,0.3609022556390978,0.3618090452261306,0.366412213740458,0.3636363636363636,0.3746835443037974,,,-0.0009067895870328302,-0.005509958101360235,0.001827318410232981,-0.002775850104094424,0.012874499077666801,0.012438646344613724,,,False,False,True,False,False,False,False,0.3636363636363636,0.36,0.3618090452261306,0.36
preview::SQUIDPY_SLIDESEQV2::Ependymal,preview,SQUIDPY_SLIDESEQV2,Ependymal,200,101-500,0.5727069351230424,0.5733333333333334,0.5670329670329671,0.5707964601769911,0.5778781038374718,0.5701943844492441,,,0.0006263982102909793,0.0006263982102909793,0.005171168714429464,0.0045447705041384845,-0.0025125506737982972,-0.010025395770536183,,,False,False,False,False,False,False,False,0.5182186234817814,0.64,0.516,0.645
preview::SQUIDPY_SLIDESEQV2::Interneurons,preview,SQUIDPY_SLIDESEQV2,Interneurons,200,101-500,0.4232365145228216,0.4208333333333333,0.4256198347107439,0.4291666666666667,0.4291666666666667,0.4184100418410041,,,-0.002403181189488346,-0.008333333333333415,0.005930152143845069,0.0,-0.004826472681817517,-0.008090993355683196,,,False,False,False,False,False,False,False,0.3617021276595745,0.51,0.3607142857142857,0.505
preview::SQUIDPY_SLIDESEQV2::Microglia,preview,SQUIDPY_SLIDESEQV2,Microglia,200,101-500,0.4804469273743017,0.4875346260387811,0.4888888888888889,0.4846796657381615,0.4829545454545455,0.4764542936288088,,,0.0070876986644793916,-0.001354262850107757,0.002507618080243801,-0.005934343434343348,-0.003992633745492913,-0.003992633745492913,,,False,False,False,False,False,False,False,0.5443037974683544,0.43,0.546583850931677,0.44
preview::SQUIDPY_SLIDESEQV2::Mural,preview,SQUIDPY_SLIDESEQV2,Mural,200,101-500,0.2160493827160494,0.2167182662538699,0.2160493827160494,0.2153846153846154,0.2317073170731707,0.2134146341463414,,,0.0006688835378204916,0.0006688835378204916,0.01565793435712129,0.014989050819300798,-0.0026347485697079953,-0.003303632107528487,,,False,True,False,False,False,True,False,0.282258064516129,0.175,0.2845528455284553,0.175
preview::SQUIDPY_SLIDESEQV2::Neurogenesis,preview,SQUIDPY_SLIDESEQV2,Neurogenesis,200,101-500,0.2535211267605634,0.2507122507122507,0.2514285714285714,0.2457142857142857,0.2571428571428572,0.25,,,-0.002808876048312703,-0.002808876048312703,0.0036217303822937974,0.0036217303822937974,-0.0035211267605633756,-0.0035211267605633756,,,False,False,False,False,False,False,False,0.2903225806451613,0.225,0.2913907284768212,0.22
preview::SQUIDPY_SLIDESEQV2::Oligodendrocytes,preview,SQUIDPY_SLIDESEQV2,Oligodendrocytes,200,101-500,0.6100519930675911,0.6100519930675911,0.6079447322970639,0.6100519930675911,0.5955249569707401,0.6118881118881119,,,0.0,0.0,-0.01452703609685091,-0.01452703609685091,0.0018361188205208157,-0.005133164707632809,,,False,False,False,False,False,False,True,0.4668435013262599,0.88,0.4668435013262599,0.88
preview::SQUIDPY_SLIDESEQV2::Polydendrocytes,preview,SQUIDPY_SLIDESEQV2,Polydendrocytes,200,101-500,0.3104477611940298,0.3164179104477612,0.2926829268292683,0.3104477611940298,0.3209169054441261,0.2857142857142857,,,0.005970149253731405,0.005970149253731405,0.010469144250096318,0.004498994996364913,-0.024733475479744083,-0.024733475479744083,,,False,False,False,False,False,True,False,0.3851851851851852,0.26,0.3925925925925926,0.265
preview::SQUIDPY_SLIDESEQV2::Subiculum_Entorhinal_cl2,preview,SQUIDPY_SLIDESEQV2,Subiculum_Entorhinal_cl2,200,101-500,0.4403669724770642,0.4373576309794988,0.4393592677345538,0.4403669724770642,0.4347826086956521,0.4449541284403669,,,-0.0030093414975653765,-0.0030093414975653765,-0.005584363781412083,-0.005584363781412083,0.004587155963302725,0.004587155963302725,,,False,False,False,False,False,False,False,0.4067796610169492,0.48,0.401673640167364,0.48
preview::SQUIDPY_SLIDESEQV2::Subiculum_Entorhinal_cl3,preview,SQUIDPY_SLIDESEQV2,Subiculum_Entorhinal_cl3,200,101-500,0.364963503649635,0.3689320388349514,0.3746958637469586,0.3680387409200968,0.3719806763285024,0.3807228915662651,,,0.003968535185316424,-0.0057638249120072205,0.007017172678867423,-0.002715187418456222,0.01575938791663012,0.008742215237762696,,,False,False,False,False,False,False,False,0.3554502369668246,0.375,0.3584905660377358,0.38
preview::SQUIDPY_VISIUM_FLUO::Amygdala,preview,SQUIDPY_VISIUM_FLUO,Amygdala,144,101-500,0.3587443946188341,0.3497267759562841,0.3267326732673267,0.3345195729537366,0.3619909502262443,0.3349282296650717,,,-0.00901761866255002,-0.00901761866255002,0.003246555607410162,0.003246555607410162,-0.02381616495376243,-0.03349282296650724,,,False,False,False,False,False,False,False,0.5063291139240507,0.2777777777777778,0.8205128205128205,0.2222222222222222
preview::SQUIDPY_VISIUM_FLUO::Cortex_1,preview,SQUIDPY_VISIUM_FLUO,Cortex_1,300,101-500,0.5737704918032787,0.7282415630550623,0.6083333333333334,0.7327935222672065,0.6071428571428571,0.6244725738396625,,,0.1544710712517836,-0.004551959212144241,0.033372365339578436,-0.12565066512434941,0.05070208203638382,0.013136541450998518,,,False,False,True,True,False,True,False,0.7446808510638298,0.4666666666666667,0.779467680608365,0.6833333333333333
preview::SQUIDPY_VISIUM_FLUO::Cortex_2,preview,SQUIDPY_VISIUM_FLUO,Cortex_2,267,101-500,0.7038327526132404,0.7726432532347505,0.7411545623836127,0.714548802946593,0.6968641114982579,0.7110332749562172,,,0.06881050062151006,0.03148869085113781,-0.006968641114982521,-0.07577914173649258,0.007200522342976745,-0.004794063173279239,,,True,False,False,True,False,False,False,0.6579804560260586,0.7565543071161048,0.7627737226277372,0.7827715355805244
preview::SQUIDPY_VISIUM_FLUO::Cortex_3,preview,SQUIDPY_VISIUM_FLUO,Cortex_3,232,101-500,0.5860215053763441,0.7325301204819278,0.7103274559193954,0.7695852534562211,0.6299212598425197,0.6891191709844561,,,0.14650861510558366,-0.0370551329742933,0.043899754466175556,-0.1396639936137014,0.10309766560811195,0.04496332682861193,,,False,False,True,True,False,True,False,0.7785714285714286,0.4698275862068966,0.8306010928961749,0.6551724137931034
preview::SQUIDPY_VISIUM_FLUO::Cortex_4,preview,SQUIDPY_VISIUM_FLUO,Cortex_4,229,101-500,0.1610738255033557,0.2616822429906542,0.3131868131868132,0.046692607003891,0.2026143790849673,0.2606232294617563,,,0.10060841748729848,-0.051504570196159005,0.0415405535816116,-0.11057243410184589,0.09954940395840062,0.06454479808920732,,,False,False,True,True,False,True,False,0.3478260869565217,0.1048034934497816,0.4565217391304347,0.1834061135371179
preview::SQUIDPY_VISIUM_FLUO::Cortex_5,preview,SQUIDPY_VISIUM_FLUO,Cortex_5,184,101-500,0.3971119133574007,0.4092409240924092,0.3260869565217391,0.5448717948717949,0.3884892086330936,0.4086021505376344,,,0.012129010735008494,-0.13563087077938574,-0.008622704724307095,-0.15638258623870133,0.011490237180233676,0.004346831388698291,,,False,False,False,True,False,False,False,0.5913978494623656,0.2989130434782608,0.5210084033613446,0.3369565217391304
preview::SQUIDPY_VISIUM_FLUO::Dentate_gyrus,preview,SQUIDPY_VISIUM_FLUO,Dentate_gyrus,37,26-100,0.0155038759689922,0.0178571428571428,0.0155038759689922,0.0238095238095238,0.0165289256198347,0.0169491525423728,,,0.0023532668881506014,-0.005952380952381001,0.0010250496508425015,-0.0072805981896891005,0.0014452765733806022,0.0004202269225381007,,,False,False,False,False,False,False,False,0.0108695652173913,0.027027027027027,0.0133333333333333,0.027027027027027
preview::SQUIDPY_VISIUM_FLUO::Fiber_tracts,preview,SQUIDPY_VISIUM_FLUO,Fiber_tracts,245,101-500,0.788235294117647,0.7897838899803535,0.7462121212121212,0.7633587786259541,0.788118811881188,0.7850098619329389,,,0.0015485958627065033,0.0015485958627065033,-0.00011648223645899236,-0.0016650780991654957,-0.0032254321847081657,-0.0032254321847081657,,,False,False,False,False,False,False,False,0.7584905660377359,0.8204081632653061,0.7613636363636364,0.8204081632653061
preview::SQUIDPY_VISIUM_FLUO::Hippocampus,preview,SQUIDPY_VISIUM_FLUO,Hippocampus,259,101-500,0.6413662239089185,0.7632093933463797,0.719191919191919,0.6024464831804281,0.658869395711501,0.6748466257668712,,,0.12184316943746121,0.04401747415446067,0.01750317180258254,-0.10433999763487867,0.033480401857952646,0.010753961674207058,,,True,False,True,True,False,True,False,0.6305970149253731,0.6525096525096525,0.7738095238095238,0.752895752895753
preview::SQUIDPY_VISIUM_FLUO::Hypothalamus_1,preview,SQUIDPY_VISIUM_FLUO,Hypothalamus_1,223,101-500,0.1897810218978102,0.1587301587301587,0.1581027667984189,0.3388704318936877,0.1751824817518248,0.1942446043165467,,,-0.031050863167651516,-0.180140273163529,-0.014598540145985411,-0.1636879501418629,0.004463582418736484,0.004463582418736484,,,False,False,False,False,True,False,True,0.5098039215686274,0.116591928251121,0.6896551724137931,0.0896860986547085
preview::SQUIDPY_VISIUM_FLUO::Hypothalamus_2,preview,SQUIDPY_VISIUM_FLUO,Hypothalamus_2,179,101-500,0.608540925266904,0.6325411334552102,0.6417910447761195,0.707070707070707,0.6140035906642729,0.6345811051693404,,,0.024000208188306282,-0.07452957361549672,0.005462665397368949,-0.09306711640643406,0.026040179902436456,0.005286349292306092,,,False,False,False,True,False,False,False,0.4464751958224543,0.9553072625698324,0.4701086956521739,0.9664804469273744
preview::SQUIDPY_VISIUM_FLUO::Lateral_ventricle,preview,SQUIDPY_VISIUM_FLUO,Lateral_ventricle,47,26-100,0.4476190476190476,0.5251396648044694,0.4646464646464646,0.4787234042553192,0.4476190476190476,0.4723618090452262,,,0.0775206171854218,0.04641626054915021,0.0,-0.0775206171854218,0.024742761426178594,0.024742761426178594,,,True,False,True,True,False,False,False,0.2883435582822086,1.0,0.3560606060606061,1.0
preview::SQUIDPY_VISIUM_FLUO::Striatum,preview,SQUIDPY_VISIUM_FLUO,Striatum,75,26-100,0.5634920634920635,0.5204460966542751,0.55,0.5521472392638037,0.5647058823529413,0.5468164794007491,,,-0.043045966837788385,-0.043045966837788385,0.0012138188608777911,0.0012138188608777911,-0.01667558409131442,-0.01667558409131442,,,False,False,False,False,True,False,False,0.4011299435028249,0.9466666666666668,0.3608247422680412,0.9333333333333332
preview::SQUIDPY_VISIUM_FLUO::Thalamus_1,preview,SQUIDPY_VISIUM_FLUO,Thalamus_1,259,101-500,0.7737704918032787,0.8428324697754749,0.7705779334500876,0.8436974789915967,0.7745098039215687,0.7831715210355988,,,0.06906197797219615,-0.0008650092161218703,0.0007393121182899254,-0.0691876750700281,0.009401029232320113,-0.0006994467063367038,,,False,False,False,True,False,False,False,0.6723646723646723,0.9111969111969112,0.7625,0.942084942084942
preview::SQUIDPY_VISIUM_FLUO::Thalamus_2,preview,SQUIDPY_VISIUM_FLUO,Thalamus_2,73,26-100,0.48,0.4324324324324324,0.32,0.5966850828729282,0.4923076923076923,0.4974619289340102,,,-0.04756756756756758,-0.1642526504404958,0.012307692307692297,-0.10437739056523593,0.017461928934010218,0.017461928934010218,,,False,False,True,False,True,True,False,0.3779527559055118,0.6575342465753424,0.3221476510067114,0.6575342465753424
preview::SQUIDPY_VISIUM_HNE::Cortex_1,preview,SQUIDPY_VISIUM_HNE,Cortex_1,284,101-500,0.3520408163265306,0.4375,0.3879310344827586,0.6462715105162524,0.510548523206751,0.4869565217391304,,,0.08545918367346939,-0.20877151051625242,0.15850770688022042,-0.13572298730950139,0.13491570541259978,-0.016354736539015313,,,False,False,False,True,False,True,False,0.6388888888888888,0.2429577464788732,0.5975609756097561,0.3450704225352112
preview::SQUIDPY_VISIUM_HNE::Cortex_2,preview,SQUIDPY_VISIUM_HNE,Cortex_2,257,101-500,0.2499999999999999,0.3507692307692308,0.334384858044164,0.4542936288088642,0.3104477611940298,0.34375,,,0.10076923076923089,-0.10352439803963343,0.06044776119402989,-0.14384586761483442,0.09375000000000011,-0.05625000000000002,,,False,False,False,True,False,True,False,0.7090909090909091,0.1517509727626459,0.8382352941176471,0.2217898832684824
preview::SQUIDPY_VISIUM_HNE::Cortex_3,preview,SQUIDPY_VISIUM_HNE,Cortex_3,244,101-500,0.7670103092783506,0.7649572649572649,0.734065934065934,0.7933194154488517,0.7096774193548387,0.8025751072961373,,,-0.002053044321085662,-0.028362150491586746,-0.05733288992351182,-0.0836419960940129,0.03556479801778678,0.008783533016758271,,,False,False,False,False,False,False,True,0.7717842323651453,0.7622950819672131,0.7991071428571429,0.7336065573770492
preview::SQUIDPY_VISIUM_HNE::Cortex_4,preview,SQUIDPY_VISIUM_HNE,Cortex_4,164,101-500,0.5410334346504561,0.584958217270195,0.5595567867036011,0.5641025641025641,0.6490066225165563,0.5194805194805195,,,0.04392478261973898,0.02085565316763094,0.10797318786610022,0.06404840524636124,-0.021552915169936515,-0.06176948051948039,,,True,True,False,True,False,True,False,0.5393939393939394,0.5426829268292683,0.5384615384615384,0.6402439024390244
preview::SQUIDPY_VISIUM_HNE::Cortex_5,preview,SQUIDPY_VISIUM_HNE,Cortex_5,129,101-500,0.4354838709677419,0.4946236559139785,0.4751381215469613,0.5214899713467049,0.5219638242894057,0.4864864864864865,,,0.05913978494623662,-0.02686631543272644,0.0864799533216638,0.0004738529427007476,0.05100261551874463,0.010032192857677702,,,False,False,True,True,False,True,False,0.3333333333333333,0.627906976744186,0.3786008230452675,0.7131782945736435
preview::SQUIDPY_VISIUM_HNE::Fiber_tract,preview,SQUIDPY_VISIUM_HNE,Fiber_tract,226,101-500,0.8016877637130801,0.7922912205567453,0.7593818984547461,0.7657841140529532,0.8322147651006712,0.8094218415417558,,,-0.009396543156334869,-0.009396543156334869,0.030527001387591013,0.030527001387591013,0.007734077828675634,-0.0004215589056714153,,,False,True,False,False,False,True,False,0.7661290322580645,0.8407079646017699,0.7676348547717843,0.8185840707964602
preview::SQUIDPY_VISIUM_HNE::Hippocampus,preview,SQUIDPY_VISIUM_HNE,Hippocampus,222,101-500,0.6067415730337079,0.6478873239436619,0.6388888888888888,0.5752688172043011,0.6570048309178743,0.6785714285714286,,,0.04114575090995398,0.008998435054773046,0.05026325788416641,0.00911750697421243,0.0718298555377207,0.03748790712673322,,,False,False,True,True,False,True,False,0.6053811659192825,0.6081081081081081,0.6764705882352942,0.6216216216216216
preview::SQUIDPY_VISIUM_HNE::Hypothalamus_1,preview,SQUIDPY_VISIUM_HNE,Hypothalamus_1,208,101-500,0.2457002457002456,0.3758389261744966,0.3556581986143187,0.6828358208955225,0.2959641255605381,0.4008714596949891,,,0.130138680474251,-0.3069968947210259,0.05026387986029249,-0.38687169533498444,0.1551712139947435,0.0917379702336309,,,False,False,True,True,False,True,False,0.2512562814070351,0.2403846153846154,0.3514644351464435,0.4038461538461538
preview::SQUIDPY_VISIUM_HNE::Hypothalamus_2,preview,SQUIDPY_VISIUM_HNE,Hypothalamus_2,133,101-500,0.1986754966887416,0.0839160839160839,0.0287769784172661,0.3769633507853403,0.2077922077922077,0.2207792207792207,,,-0.11475941277265769,-0.2930472668692564,0.009116711103466096,-0.16917114299313263,0.022103724090479088,-0.15636363636363643,,,False,False,False,False,True,False,False,0.8333333333333334,0.112781954887218,0.6,0.0451127819548872
preview::SQUIDPY_VISIUM_HNE::Lateral_ventricle,preview,SQUIDPY_VISIUM_HNE,Lateral_ventricle,105,101-500,0.51,0.5052631578947369,0.5161290322580645,0.5145631067961165,0.3850267379679144,0.5951219512195122,,,-0.00473684210526315,-0.010865874363327643,-0.12497326203208559,-0.13110229429015008,0.08512195121951216,0.03101938711694796,,,False,False,True,False,False,False,True,0.5368421052631579,0.4857142857142857,0.5647058823529412,0.4571428571428571
preview::SQUIDPY_VISIUM_HNE::Pyramidal_layer,preview,SQUIDPY_VISIUM_HNE,Pyramidal_layer,42,26-100,0.4468085106382978,0.5283018867924528,0.5283018867924528,0.626865671641791,0.5419354838709677,0.5419354838709677,,,0.08149337615415503,-0.09856378484933814,0.09512697323266989,-0.08493018777082328,0.09512697323266989,0.05356339084771189,,,False,False,True,True,False,True,False,0.2876712328767123,1.0,0.358974358974359,1.0
preview::SQUIDPY_VISIUM_HNE::Pyramidal_layer_dentate_gyrus,preview,SQUIDPY_VISIUM_HNE,Pyramidal_layer_dentate_gyrus,68,26-100,0.4827586206896551,0.6666666666666667,0.6037735849056604,0.6073298429319373,0.6011560693641619,0.6419753086419752,,,0.18390804597701166,0.05933682373472948,0.1183974486745068,-0.06551059730250486,0.15921668795232008,0.016975308641975162,,,True,False,True,True,False,True,False,0.3962264150943396,0.6176470588235294,0.5824175824175825,0.7794117647058824
preview::SQUIDPY_VISIUM_HNE::Striatum,preview,SQUIDPY_VISIUM_HNE,Striatum,153,101-500,0.4693877551020408,0.4732824427480916,0.4923857868020305,0.5277777777777778,0.455,0.4876847290640394,,,0.0038946876460508317,-0.054495335029686176,-0.014387755102040767,-0.07277777777777777,0.01829697396199864,-0.002606533071882855,,,False,False,False,False,False,False,True,0.3849372384937238,0.6013071895424836,0.3875,0.6078431372549019
preview::SQUIDPY_VISIUM_HNE::Thalamus_1,preview,SQUIDPY_VISIUM_HNE,Thalamus_1,261,101-500,0.7221396731054978,0.7275449101796407,0.703030303030303,0.7828843106180665,0.7405159332321698,0.725925925925926,,,0.005405237074142977,-0.05533940043842578,0.01837626012667204,-0.042368377385896716,0.0037862528204282153,0.0013750277223329999,,,False,False,False,False,False,True,False,0.5898058252427184,0.9310344827586208,0.597051597051597,0.9310344827586208
preview::SQUIDPY_VISIUM_HNE::Thalamus_2,preview,SQUIDPY_VISIUM_HNE,Thalamus_2,192,101-500,0.3141361256544502,0.3409090909090909,0.3383084577114428,0.3717948717948717,0.3227513227513227,0.3738317757009346,,,0.02677296525464068,-0.03088578088578081,0.008615197096872473,-0.04904354904354902,0.059695650046484416,0.021559048428207328,,,False,False,True,True,False,False,False,0.3157894736842105,0.3125,0.375,0.3125
